2 1 374 2100001 372 77 441 181
2 1 376 2100001 372 78 441 181
2 1 377 2100001 371 78 441 182
2 1 380 2100001 372 78 441 181
2 1 381 2100001 371 78 441 180
2 1 383 2100001 371 78 441 182
2 1 408 2100001 372 52 441 201
2 1 409 2100001 372 51 441 197
2 1 410 2100001 373 49 441 185
2 1 411 2100001 372 49 441 184
2 1 412 2100001 372 50 441 183
2 1 413 2100001 372 50 441 183
2 1 414 2100001 372 49 441 182
2 1 415 2100001 373 50 441 183
2 1 416 2100001 373 51 441 181
2 1 417 2100001 372 74 441 182
2 1 418 2100001 371 77 441 182
2 1 419 2100001 372 70 441 180
2 1 420 2100001 373 47 441 180
2 1 421 2100001 373 47 441 180
2 1 422 2100001 373 48 441 180
2 1 423 2100001 373 48 441 180
2 1 424 2100001 373 48 441 180
2 1 425 2100001 373 48 441 180
2 1 426 2100001 373 48 441 180
2 1 427 2100001 374 48 441 180
2 1 428 2100001 374 49 441 180
2 1 429 2100001 374 50 441 180
2 1 430 2100001 374 50 441 180
2 1 431 2100001 373 52 441 181
2 1 432 2100001 373 60 441 182
2 1 438 2100001 372 77 441 185
2 1 439 2100001 372 77 441 180
2 1 440 2100001 372 77 441 184
2 1 441 2100001 373 77 441 184
2 1 442 2100001 372 77 441 184
2 1 443 2100001 373 77 441 180
2 1 456 2100001 372 77 441 182
2 1 458 2100001 372 77 441 183
2 1 459 2100001 372 77 441 182
2 1 460 2100001 372 77 441 182
2 1 461 2100001 372 77 441 182
2 1 462 2100001 372 77 441 182
2 1 463 2100001 372 77 441 182
2 1 464 2100001 372 77 441 182
2 1 465 2100001 372 77 441 182
2 1 466 2100001 372 77 441 182
2 1 467 2100001 372 77 441 182
2 1 468 2100001 372 77 441 182
2 1 469 2100001 372 77 441 182
2 1 470 2100001 372 77 441 182
2 1 471 2100001 372 77 441 182
2 1 472 2100001 372 77 441 182
2 1 474 2100001 372 77 441 183
2 1 475 2100001 372 77 441 180
2 1 476 2100001 372 77 441 180
2 1 477 2100001 372 78 441 180
2 1 478 2100001 372 78 441 180
2 1 479 2100001 373 78 441 180
2 1 480 2100001 372 77 441 180
2 1 481 2100001 372 77 441 180
2 1 482 2100001 372 77 441 180
2 1 483 2100001 372 77 441 180
2 1 484 2100001 373 77 441 180
2 1 485 2100001 372 77 441 182
2 1 497 2100001 371 77 441 183
2 1 498 2100001 371 77 441 183
2 1 499 2100001 371 77 441 183
2 1 500 2100001 371 77 441 183
2 1 502 2100001 371 77 441 182
2 1 503 2100001 371 77 441 182
2 1 504 2100001 371 78 441 184
2 1 505 2100001 371 78 441 184
2 1 506 2100001 371 78 441 184
2 1 508 2100001 371 78 441 184
2 1 509 2100001 371 78 441 184
2 1 510 2100001 371 78 441 183
2 1 511 2100001 371 78 441 183
2 1 513 2100001 371 78 441 183
2 1 514 2100001 371 77 441 184
2 1 554 2100001 372 78 441 183
2 1 555 2100001 372 78 441 183
2 1 556 2100001 372 78 441 182
2 1 557 2100001 373 77 441 180
2 1 558 2100001 372 78 441 182
2 1 559 2100001 372 77 441 180
2 1 560 2100001 372 77 441 183
2 1 561 2100001 372 78 441 182
2 1 562 2100001 372 77 442 183
2 1 563 2100001 372 78 442 184
2 1 585 2100001 371 78 442 183
2 1 600 2100001 371 78 441 186
2 1 604 2100001 372 78 442 185
2 1 605 2100001 372 78 442 185
2 1 606 2100001 372 78 442 185
2 1 607 2100001 372 78 442 184
2 1 608 2100001 372 78 442 184
2 1 609 2100001 372 78 442 185
2 1 610 2100001 371 78 443 183
2 1 611 2100001 372 78 443 185
2 1 612 2100001 372 78 443 184
2 1 613 2100001 371 78 443 185
2 1 614 2100001 371 78 443 184
2 1 616 2100001 371 78 443 185
2 1 617 2100001 371 78 443 185
2 1 618 2100001 371 78 443 184
2 1 619 2100001 371 78 443 184
2 1 620 2100001 371 78 443 184
2 1 621 2100001 371 78 443 184
2 1 622 2100001 371 78 443 184
2 1 623 2100001 371 78 443 184
2 1 624 2100001 371 78 443 188
2 1 625 2100001 371 78 443 189
2 1 626 2100001 371 78 443 187
2 1 627 2100001 371 78 443 187
2 1 628 2100001 371 78 443 184
2 1 629 2100001 371 78 443 188
2 1 630 2100001 371 78 443 186
2 1 633 2100001 371 78 443 189
2 1 634 2100001 371 78 443 187
2 1 635 2100001 371 78 443 188
2 1 636 2100001 371 78 444 185
2 1 637 2100001 371 78 444 184
2 1 638 2100001 371 78 444 185
2 1 639 2100001 371 78 444 185
2 1 640 2100001 371 78 444 184
2 1 641 2100001 371 78 444 184
2 1 642 2100001 371 78 444 184
2 1 643 2100001 371 78 444 184
2 1 644 2100001 371 78 444 184
2 1 646 2100001 371 78 444 185
2 1 668 2100001 371 78 444 185
2 1 670 2100001 371 78 444 186
2 1 671 2100001 371 78 444 186
2 1 674 2100001 371 78 444 185
2 1 686 2100001 371 78 444 183
2 1 687 2100001 371 78 444 184
2 1 688 2100001 371 78 444 184
2 1 689 2100001 371 78 444 184
2 1 690 2100001 371 78 444 184
2 1 691 2100001 371 78 444 184
2 1 692 2100001 371 78 444 184
2 1 693 2100001 371 78 444 184
2 1 694 2100001 371 78 444 184
2 1 695 2100001 371 78 444 184
2 1 696 2100001 371 78 444 183
2 1 697 2100001 371 78 444 182
2 1 698 2100001 371 78 444 182
2 1 699 2100001 371 78 444 182
2 1 700 2100001 371 78 444 182
2 1 701 2100001 371 78 444 182
2 1 702 2100001 371 78 444 182
2 1 703 2100001 371 78 444 182
2 1 704 2100001 371 78 444 182
2 1 705 2100001 371 78 444 183
2 1 706 2100001 371 78 444 183
2 1 707 2100001 371 78 444 184
2 1 708 2100001 371 78 444 184
2 1 709 2100001 371 78 444 184
2 1 710 2100001 371 78 444 183
2 1 711 2100001 371 78 444 183
2 1 712 2100001 371 78 444 183
2 1 713 2100001 371 78 444 183
2 1 714 2100001 371 78 444 183
2 1 715 2100001 371 78 444 183
2 1 716 2100001 371 78 444 184
2 1 717 2100001 371 78 444 184
2 1 718 2100001 371 78 444 183
2 1 720 2100001 371 78 444 188
2 1 721 2100001 371 78 444 187
2 1 728 2100001 371 79 444 185
2 1 732 2100001 371 78 444 185
2 1 733 2100001 371 79 444 184
2 1 734 2100001 371 78 444 184
2 1 735 2100001 371 78 444 184
2 1 736 2100001 371 78 444 184
2 1 737 2100001 371 79 444 183
2 1 740 2100001 371 79 444 184
2 1 741 2100001 371 79 444 184
2 1 742 2100001 371 79 444 184
2 1 743 2100001 371 79 444 185
2 1 753 2100001 371 78 444 187
2 1 754 2100001 371 78 444 187
2 1 755 2100001 371 78 444 187
2 1 765 2100001 371 79 444 183
2 1 766 2100001 371 78 444 183
2 1 767 2100001 371 79 444 183
2 1 777 2100001 371 78 444 182
2 1 778 2100001 371 79 444 182
2 1 779 2100001 371 79 444 182
2 1 810 2100001 371 78 444 186
2 1 812 2100001 371 78 444 186
2 1 813 2100001 371 78 444 186
2 1 814 2100001 371 78 444 185
2 1 828 2100001 372 79 444 183
2 1 829 2100001 372 79 444 183
2 1 830 2100001 372 79 444 183
2 1 831 2100001 372 79 444 183
2 1 832 2100001 372 79 444 183
2 1 833 2100001 372 79 444 183
2 1 834 2100001 372 79 444 183
2 1 835 2100001 372 79 444 183
2 1 836 2100001 372 79 444 183
2 1 837 2100001 372 79 444 183
2 1 838 2100001 372 79 444 184
2 1 839 2100001 372 79 444 184
2 1 840 2100001 372 79 444 186
2 1 841 2100001 372 79 444 186
2 1 842 2100001 372 79 444 186
2 1 843 2100001 372 79 444 186
2 1 844 2100001 372 79 444 186
2 1 845 2100001 372 79 444 185
2 1 846 2100001 372 79 444 185
2 1 847 2100001 371 78 444 183
2 1 848 2100001 372 79 444 183
2 1 849 2100001 372 79 444 183
2 1 850 2100001 371 78 444 181
2 1 851 2100001 371 79 444 183
2 1 854 2100001 371 79 444 183
2 1 855 2100001 371 79 444 183
2 1 856 2100001 371 78 444 183
2 1 857 2100001 371 79 444 183
2 1 858 2100001 371 79 444 183
2 1 859 2100001 371 79 444 182
2 1 909 2100001 371 78 444 184
2 1 912 2100001 371 78 444 184
2 1 920 2100001 371 79 444 185
2 1 922 2100001 371 79 444 184
2 1 934 2100001 371 78 444 183
2 1 935 2100001 371 79 444 183
2 1 936 2100001 371 78 445 183
2 1 937 2100001 371 78 445 182
2 1 947 2100001 371 78 444 181
2 1 948 2100001 371 78 444 182
2 1 949 2100001 371 78 444 182
2 1 950 2100001 371 79 444 183
2 1 951 2100001 371 79 444 184
2 1 952 2100001 371 78 444 184
2 1 956 2100001 371 79 444 182
2 1 957 2100001 371 79 444 183
2 1 958 2100001 371 78 444 181
2 1 959 2100001 371 79 445 182
2 1 960 2100001 371 79 444 180
2 1 996 2100001 371 78 444 182
2 1 997 2100001 371 78 444 182
2 1 998 2100001 371 78 444 182
2 1 999 2100001 371 78 444 182
2 1 1032 2100001 371 79 444 183
2 1 1033 2100001 371 79 444 183
2 1 1034 2100001 371 79 444 183
2 1 1035 2100001 371 79 444 183
2 1 1036 2100001 371 79 444 183
2 1 1037 2100001 371 79 444 183
2 1 1038 2100001 371 79 444 181
2 1 1039 2100001 371 79 444 183
2 1 1040 2100001 371 79 444 183
2 1 1041 2100001 371 79 444 183
2 1 1042 2100001 371 79 444 183
2 1 1043 2100001 371 79 444 183
2 1 1050 2100001 371 79 444 183
2 1 1062 2100001 371 79 444 183
2 1 1090 2100001 371 78 444 181
2 1 1091 2100001 371 78 444 181
2 1 1164 2100001 371 78 444 181
2 1 1165 2100001 371 78 444 181
2 1 1166 2100001 371 78 444 182
2 1 1167 2100001 371 78 444 182
2 1 1168 2100001 371 78 444 181
2 1 1169 2100001 371 78 444 181
2 1 1171 2100001 371 78 444 181
2 1 1174 2100001 371 78 444 182
2 1 1175 2100001 371 78 444 182
2 1 1188 2100001 371 78 444 183
2 1 1189 2100001 371 78 444 183
2 1 1190 2100001 371 78 444 183
2 1 1191 2100001 371 78 444 183
2 1 1192 2100001 371 78 444 183
2 1 1193 2100001 371 78 444 183
2 1 1198 2100001 371 78 444 185
2 1 1200 2100001 372 79 444 183
2 1 1203 2100001 371 78 444 183
2 1 1204 2100001 371 78 444 182
2 1 1206 2100001 371 79 444 183
2 1 1274 2100001 371 78 444 185
2 1 1277 2100001 371 78 444 185
2 1 1278 2100001 371 78 444 185
2 1 1279 2100001 371 78 444 184
2 1 1280 2100001 371 78 444 184
2 1 1281 2100001 371 78 444 185
2 1 1282 2100001 371 78 444 185
2 1 1283 2100001 371 78 444 184
2 1 1284 2100001 371 78 444 183
2 1 1285 2100001 371 78 444 183
2 1 1286 2100001 371 78 444 183
2 1 1287 2100001 371 78 444 183
2 1 1288 2100001 371 78 444 183
2 1 1289 2100001 371 78 444 183
2 1 1290 2100001 371 78 444 183
2 1 1291 2100001 371 78 444 183
2 1 1292 2100001 371 78 444 183
2 1 1293 2100001 371 78 444 183
2 1 1294 2100001 371 78 444 183
2 1 1296 2100001 371 78 444 185
2 1 1297 2100001 371 78 444 185
2 1 1298 2100001 371 78 444 185
2 1 1299 2100001 371 78 444 185
2 1 1300 2100001 371 78 444 185
2 1 1301 2100001 371 78 444 185
2 1 1302 2100001 371 78 444 185
2 1 1303 2100001 371 78 444 185
2 1 1304 2100001 371 78 444 185
2 1 1305 2100001 371 78 444 185
2 1 1306 2100001 371 78 444 185
2 1 1308 2100001 371 78 444 185
2 1 1309 2100001 371 78 444 185
2 1 1310 2100001 371 78 444 185
2 1 1311 2100001 371 78 444 185
2 1 1312 2100001 371 78 444 185
2 1 1313 2100001 371 78 444 185
2 1 1314 2100001 371 78 444 185
2 1 1315 2100001 371 78 444 185
2 1 1316 2100001 371 78 444 185
2 1 1317 2100001 371 78 444 185
2 1 1318 2100001 371 78 444 185
2 1 1319 2100001 371 78 444 185
2 1 1330 2100001 371 78 444 184
2 1 1331 2100001 371 78 444 184
2 1 1332 2100001 371 78 444 183
2 1 1333 2100001 371 78 444 182
2 1 1334 2100001 371 78 444 183
2 1 1335 2100001 371 78 444 183
2 1 1336 2100001 371 78 444 183
2 1 1337 2100001 371 78 444 182
2 1 1338 2100001 371 78 444 183
2 1 1339 2100001 371 78 444 183
2 1 1340 2100001 371 78 444 182
2 1 1341 2100001 371 78 444 183
2 1 1342 2100001 371 78 444 183
2 1 1356 2100001 371 78 444 184
2 1 1357 2100001 371 78 444 184
2 1 1358 2100001 371 78 444 184
2 1 1359 2100001 371 78 444 184
2 1 1360 2100001 371 78 444 184
2 1 1361 2100001 371 78 444 184
2 1 1362 2100001 371 78 444 184
2 1 1363 2100001 371 78 444 184
2 1 1364 2100001 371 78 444 184
2 1 1365 2100001 371 78 444 184
2 1 1366 2100001 371 78 444 184
2 1 1380 2100001 371 78 444 181
2 1 1381 2100001 371 78 444 181
2 1 1408 2100001 371 77 445 184
2 1 1409 2100001 372 77 445 184
2 1 1431 2100001 372 77 423 197
2 1 1421 2100002 388 0 437 122
2 1 1423 2100002 396 0 448 120
2 1 1424 2100002 405 0 466 126
2 1 1425 2100002 411 0 481 133
2 1 1426 2100002 416 0 488 140
2 1 1427 2100002 416 0 488 144
2 1 1428 2100002 418 0 488 146
2 1 1429 2100002 421 0 488 145
2 1 1430 2100002 427 0 488 145
2 1 1431 2100002 430 0 488 146
2 1 1432 2100002 433 0 489 148
2 1 1433 2100002 433 0 490 154
2 1 1434 2100002 434 0 489 163
2 1 1435 2100002 433 0 489 169
2 1 1436 2100002 435 0 490 173
2 1 1437 2100002 435 0 491 174
2 1 1438 2100002 435 0 498 183
2 1 1439 2100002 433 0 505 185
2 1 1440 2100002 431 0 508 186
2 1 1441 2100002 430 0 508 187
2 1 1442 2100002 431 0 509 188
2 1 1443 2100002 434 0 510 188
2 1 1444 2100002 432 0 510 187
2 1 1445 2100002 432 0 511 188
2 1 1446 2100002 432 0 512 189
2 1 1447 2100002 432 0 511 189
2 1 1448 2100002 432 0 508 188
2 1 1449 2100002 432 0 508 195
2 1 1450 2100002 433 0 507 226
2 1 1451 2100002 432 0 506 231
2 1 1452 2100002 433 0 506 233
2 1 1453 2100002 432 0 508 233
2 1 1454 2100002 431 0 508 234
2 1 1455 2100002 432 0 509 236
2 1 1456 2100002 432 0 509 246
2 1 1457 2100002 432 0 508 258
2 1 1458 2100002 434 0 505 236
2 1 1459 2100002 423 0 504 281
2 1 1460 2100002 421 0 504 290
2 1 1461 2100002 417 0 498 297
2 1 1462 2100002 415 0 497 299
2 1 1463 2100002 412 0 495 300
2 1 1464 2100002 408 0 499 300
2 1 1465 2100002 407 0 501 300
2 1 1466 2100002 404 0 487 300
2 1 1467 2100002 401 0 509 300
2 1 1468 2100002 397 0 483 301
2 1 1469 2100002 397 0 480 304
2 1 1470 2100002 399 0 476 301
2 1 1471 2100002 393 0 474 307
2 1 1472 2100002 393 0 474 346
2 1 1473 2100002 393 0 472 354
2 1 1474 2100002 389 0 473 363
2 1 1475 2100002 385 0 472 371
2 1 1476 2100002 384 0 470 380
2 1 1477 2100002 380 0 471 383
2 1 1478 2100002 378 0 472 383
2 1 1479 2100002 375 0 471 384
2 1 1480 2100002 365 0 471 384
2 1 1481 2100002 365 0 471 385
2 1 1482 2100002 354 0 470 386
2 1 1483 2100002 353 0 470 385
2 1 1484 2100002 341 0 469 397
2 1 1485 2100002 337 0 467 397
2 1 1486 2100002 331 0 467 397
2 1 1487 2100002 327 0 468 397
2 1 1488 2100002 318 0 466 397
2 1 1489 2100002 313 0 464 397
2 1 1490 2100002 308 0 462 402
2 1 1491 2100002 308 0 447 416
2 1 1492 2100002 304 0 438 423
2 1 1493 2100002 305 0 430 426
2 1 1494 2100002 298 0 429 430
2 1 1495 2100002 294 0 428 432
2 1 1496 2100002 287 0 428 433
2 1 1497 2100002 288 0 428 433
2 1 1498 2100002 281 0 429 432
2 1 1499 2100002 279 0 431 431
2 1 1500 2100002 278 0 428 433
2 1 1501 2100002 269 0 425 433
2 1 1502 2100002 268 0 424 433
2 1 1503 2100002 267 0 424 433
2 1 1504 2100002 267 0 423 433
2 1 1505 2100002 265 0 423 433
2 1 1506 2100002 262 0 423 433
2 1 1507 2100002 260 0 424 433
2 1 1508 2100002 261 1 426 433
2 1 1509 2100002 259 1 427 433
2 1 1510 2100002 264 1 425 433
2 1 1511 2100002 266 1 423 433
2 1 1512 2100002 268 2 424 433
2 1 1513 2100002 255 2 424 435
2 1 1514 2100002 256 2 423 435
2 1 1515 2100002 266 2 423 434
2 1 1516 2100002 269 2 423 434
2 1 1517 2100002 267 1 423 434
2 1 1518 2100002 261 2 423 434
2 1 1519 2100002 253 2 423 434
2 1 1520 2100002 249 2 422 434
2 1 1521 2100002 262 1 422 433
2 1 1522 2100002 263 2 422 433
2 1 1523 2100002 261 2 422 433
2 1 1524 2100002 263 2 421 432
2 1 1525 2100002 263 2 421 432
2 1 1526 2100002 264 2 421 432
2 1 1527 2100002 262 2 421 432
2 1 1528 2100002 264 2 421 432
2 1 1529 2100002 264 2 421 432
2 1 1530 2100002 262 2 421 432
2 1 1531 2100002 262 2 421 432
2 1 1532 2100002 263 2 421 432
2 1 1533 2100002 265 1 421 432
2 1 1534 2100002 267 1 421 432
2 1 1535 2100002 266 1 421 432
2 1 1536 2100002 266 0 422 432
2 1 1537 2100002 268 1 422 432
2 1 1538 2100002 270 1 421 432
2 1 1539 2100002 270 1 421 432
2 1 1540 2100002 270 0 421 433
2 1 1541 2100002 273 0 421 433
2 1 1542 2100002 272 0 421 433
2 1 1543 2100002 269 0 421 433
2 1 1544 2100002 271 0 421 433
2 1 1545 2100002 270 0 421 433
2 1 1546 2100002 265 0 422 433
2 1 1547 2100002 271 0 423 433
2 1 1548 2100002 270 0 425 433
2 1 1549 2100002 284 0 428 433
2 1 1550 2100002 287 0 429 433
2 1 1551 2100002 289 0 432 433
2 1 1552 2100002 286 0 435 433
2 1 1553 2100002 289 0 438 433
2 1 1554 2100002 292 0 441 433
2 1 1555 2100002 294 0 442 433
2 1 1556 2100002 297 0 444 433
2 1 1557 2100002 301 0 451 433
2 1 1558 2100002 305 0 452 433
2 1 1559 2100002 310 0 452 433
2 1 1560 2100002 315 0 452 431
2 1 1561 2100002 320 0 453 429
2 1 1562 2100002 320 0 454 424
2 1 1563 2100002 331 0 455 419
2 1 1564 2100002 333 0 457 411
2 1 1565 2100002 339 0 458 404
2 1 1566 2100002 344 0 459 394
2 1 1567 2100002 347 0 460 389
2 1 1568 2100002 351 0 461 388
2 1 1569 2100002 353 0 463 387
2 1 1570 2100002 362 0 469 386
2 1 1571 2100002 364 0 470 385
2 1 1572 2100002 366 0 471 383
2 1 1573 2100002 367 0 472 378
2 1 1574 2100002 368 0 472 373
2 1 1575 2100002 370 0 472 366
2 1 1576 2100002 371 0 472 360
2 1 1577 2100002 376 0 471 311
2 1 1578 2100002 381 0 471 302
2 1 1579 2100002 383 0 473 301
2 1 1580 2100002 384 0 476 300
2 1 1581 2100002 386 0 477 300
2 1 1582 2100002 386 0 480 300
2 1 1583 2100002 387 0 483 300
2 1 1584 2100002 395 0 485 299
2 1 1585 2100002 399 0 494 296
2 1 1586 2100002 403 0 495 295
2 1 1587 2100002 406 0 496 292
2 1 1588 2100002 409 0 498 286
2 1 1589 2100002 412 0 503 280
2 1 1590 2100002 415 0 502 267
2 1 1591 2100002 417 0 503 260
2 1 1592 2100002 419 0 508 244
2 1 1593 2100002 421 0 508 232
2 1 1594 2100002 421 0 508 230
2 1 1595 2100002 426 0 511 230
2 1 1596 2100002 427 0 511 231
2 1 1597 2100002 429 0 511 230
2 1 1598 2100002 430 0 511 230
2 1 1599 2100002 430 0 511 229
2 1 1600 2100002 430 0 510 217
2 1 1601 2100002 430 0 509 202
2 1 1602 2100002 430 0 509 196
2 1 1603 2100002 431 0 506 185
2 1 1604 2100002 432 0 506 182
2 1 1605 2100002 432 0 507 181
2 1 1606 2100002 431 0 510 180
2 1 1607 2100002 431 0 511 179
2 1 1608 2100002 429 0 511 179
2 1 1609 2100002 429 0 511 178
2 1 1610 2100002 428 0 511 176
2 1 1611 2100002 427 0 511 175
2 1 1612 2100002 426 0 511 172
2 1 1613 2100002 425 0 510 170
2 1 1614 2100002 424 0 509 168
2 1 1615 2100002 423 0 506 165
2 1 1616 2100002 423 0 502 157
2 1 1617 2100002 423 0 494 149
2 1 1618 2100002 422 0 493 143
2 1 1619 2100002 424 0 491 139
2 1 1620 2100002 422 0 491 138
2 1 1621 2100002 420 0 490 135
2 1 1622 2100002 417 0 489 134
2 1 1623 2100002 416 0 488 134
2 1 1624 2100002 414 0 488 133
2 1 1625 2100002 406 0 484 129
2 1 1626 2100002 404 0 478 121
2 1 1627 2100002 397 0 469 117
2 1 1628 2100002 392 0 460 114
2 1 1629 2100002 378 0 439 118
2 1 1630 2100002 374 0 434 119
2 1 1631 2100002 383 0 434 117
2 1 1632 2100002 380 0 432 115
2 1 1633 2100002 371 0 431 116
2 1 1634 2100002 369 0 430 117
2 1 1635 2100002 367 0 427 116
2 1 1636 2100002 367 0 424 122
2 1 1640 2100002 366 0 396 83
2 1 1842 2100002 366 0 415 82
2 1 1843 2100002 366 0 431 92
2 1 1844 2100002 368 0 435 93
2 1 1845 2100002 368 0 435 93
2 1 1846 2100002 369 0 435 92
2 1 1847 2100002 377 0 435 92
2 1 1848 2100002 385 0 435 93
2 1 1849 2100002 404 0 444 92
2 1 1850 2100002 406 0 454 90
2 1 1851 2100002 406 0 466 93
2 1 1852 2100002 406 0 491 93
2 1 1853 2100002 406 0 497 93
2 1 1854 2100002 407 0 499 94
2 1 1855 2100002 408 0 503 93
2 1 1856 2100002 410 0 506 93
2 1 1857 2100002 422 0 504 87
2 1 1858 2100002 429 0 504 90
2 1 1859 2100002 441 0 505 83
2 1 1860 2100002 461 0 509 82
2 1 1861 2100002 473 0 510 86
2 1 1862 2100002 475 0 509 83
2 1 1863 2100002 475 0 509 84
2 1 1864 2100002 476 0 509 84
2 1 1865 2100002 476 0 509 84
2 1 1866 2100002 477 0 510 83
2 1 1867 2100002 477 0 510 84
2 1 1868 2100002 478 0 511 83
2 1 2074 2100002 449 0 510 76
2 1 2075 2100002 437 0 510 79
2 1 2076 2100002 435 0 511 83
2 1 2077 2100002 434 0 511 85
2 1 2078 2100002 435 0 511 85
2 1 2079 2100002 434 0 510 86
2 1 2080 2100002 435 0 499 83
2 1 2081 2100002 435 0 495 83
2 1 2082 2100002 430 0 482 83
2 1 2083 2100002 422 0 464 87
2 1 2084 2100002 416 0 462 90
2 1 2085 2100002 410 0 461 89
2 1 2086 2100002 395 0 461 89
2 1 2087 2100002 391 0 460 82
2 1 2088 2100002 374 0 460 84
2 1 2089 2100002 370 0 459 82
2 1 2090 2100002 373 0 456 82
2 1 2091 2100002 373 0 450 80
2 1 2095 2100002 364 0 399 84
2 1 2096 2100002 364 0 398 84
2 1 2097 2100002 366 0 399 84
2 1 2098 2100002 366 0 398 83
2 1 1842 2100004 372 78 432 190
2 1 2117 2100004 371 78 432 207
2 1 2121 2100004 371 78 432 187
2 1 2122 2100004 371 78 432 188
2 1 2123 2100004 371 78 432 189
2 1 2150 2100004 371 78 432 185
2 1 2154 2100004 371 78 432 186
2 1 2155 2100004 371 78 432 186
2 1 2156 2100004 371 78 432 186
2 1 2171 2100004 371 78 432 188
2 1 2187 2100004 371 78 432 187
2 1 2188 2100004 371 78 432 188
2 1 2191 2100004 371 78 432 186
2 1 2199 2100004 371 78 432 186
2 1 2200 2100004 371 78 432 187
2 1 2201 2100004 371 78 432 188
2 1 2202 2100004 371 78 432 188
2 1 2203 2100004 371 78 432 186
2 1 2204 2100004 371 78 431 186
2 1 2252 2100004 371 78 432 190
2 1 2269 2100004 371 78 432 186
2 1 2276 2100004 371 78 432 186
2 1 2277 2100004 371 78 432 187
2 1 2278 2100004 371 78 432 187
2 1 2279 2100004 371 78 432 187
2 1 2281 2100004 371 78 431 185
2 1 2295 2100004 371 78 431 185
2 1 2296 2100004 371 78 432 188
2 1 2297 2100004 371 78 432 188
2 1 2298 2100004 371 78 432 188
2 1 2299 2100004 371 78 432 188
2 1 2300 2100004 371 78 432 188
2 1 2301 2100004 371 78 432 189
2 1 2302 2100004 371 78 432 189
2 1 2333 2100004 371 78 432 187
2 1 2340 2100004 371 77 432 189
2 1 2380 2100004 372 78 432 185
2 1 2425 2100004 371 77 432 194
2 1 2426 2100004 371 78 432 186
2 1 2428 2100004 371 77 432 196
2 1 2429 2100004 371 78 432 193
2 1 2430 2100004 371 78 432 195
2 1 2436 2100004 371 78 432 187
2 1 2437 2100004 371 78 432 188
2 1 2438 2100004 371 78 432 194
2 1 2439 2100004 371 78 432 192
2 1 2461 2100004 371 78 432 193
2 1 2462 2100004 371 78 432 193
2 1 2463 2100004 371 78 432 188
2 1 2464 2100004 371 78 432 188
2 1 2466 2100004 371 78 432 192
2 1 2467 2100004 371 78 432 191
2 1 2472 2100004 371 78 432 186
2 1 2473 2100004 371 78 432 183
2 1 2474 2100004 371 78 431 185
2 1 2476 2100004 371 78 432 184
2 1 2477 2100004 371 78 432 184
2 1 2478 2100004 371 78 432 183
2 1 2479 2100004 371 78 432 183
2 1 2480 2100004 371 78 432 186
2 1 2481 2100004 371 78 432 187
2 1 2495 2100004 371 78 432 189
2 1 2504 2100004 371 78 432 194
2 1 2511 2100004 371 78 432 188
2 1 2512 2100004 371 78 432 195
2 1 2518 2100004 371 78 432 197
2 1 2519 2100004 371 78 432 198
2 1 2533 2100004 371 78 431 188
2 1 2534 2100004 371 78 431 188
2 1 2535 2100004 371 78 431 188
2 1 2538 2100004 371 78 430 186
2 1 2541 2100004 371 78 430 185
2 1 2555 2100004 371 78 431 190
2 1 2556 2100004 371 78 431 184
2 1 2572 2100004 371 78 431 187
2 1 2578 2100004 371 78 432 187
2 1 2586 2100004 371 78 432 192
2 1 2587 2100004 371 78 432 192
2 1 2588 2100004 371 78 432 192
2 1 2592 2100004 371 78 432 185
2 1 2593 2100004 371 78 432 185
2 1 2594 2100004 371 78 432 185
2 1 2595 2100004 371 78 432 185
2 1 2596 2100004 371 78 432 185
2 1 2597 2100004 371 78 432 185
2 1 2598 2100004 371 78 432 185
2 1 2602 2100004 371 78 432 191
2 1 2603 2100004 371 78 432 184
2 1 2604 2100004 371 78 432 190
2 1 2605 2100004 371 78 432 190
2 1 2608 2100004 371 78 432 190
2 1 2609 2100004 371 78 432 190
2 1 2610 2100004 371 78 432 190
2 1 2611 2100004 371 78 432 191
2 1 2620 2100004 371 78 432 188
2 1 2622 2100004 371 78 432 188
2 1 2623 2100004 371 78 432 187
2 1 2624 2100004 371 78 432 188
2 1 2643 2100004 371 78 431 185
2 1 2644 2100004 371 78 432 187
2 1 2645 2100004 371 78 432 187
2 1 2646 2100004 371 78 432 187
2 1 2647 2100004 371 78 432 187
2 1 2648 2100004 371 78 432 187
2 1 2649 2100004 371 78 432 187
2 1 2650 2100004 371 78 432 187
2 1 2651 2100004 371 78 431 185
2 1 2874 2100004 371 78 432 186
2 1 2875 2100004 371 78 433 187
2 1 2876 2100004 371 78 433 187
2 1 2897 2100004 371 77 432 184
2 1 2898 2100004 371 77 432 183
2 1 2899 2100004 371 77 432 184
2 1 2900 2100004 371 77 432 184
2 1 2901 2100004 371 78 432 182
2 1 2902 2100004 371 78 432 182
2 1 2903 2100004 371 78 432 182
2 1 2920 2100004 371 77 432 186
2 1 2921 2100004 371 78 432 185
2 1 2922 2100004 371 78 431 184
2 1 2923 2100004 371 77 431 184
2 1 2924 2100004 371 77 432 185
2 1 2929 2100004 371 77 432 184
2 1 2930 2100004 371 77 432 185
2 1 2931 2100004 371 77 432 186
2 1 2952 2100004 371 78 432 182
2 1 2976 2100004 372 78 432 190
2 1 2977 2100004 372 78 433 192
2 1 2978 2100004 372 78 433 193
2 1 2979 2100004 372 78 433 192
2 1 2980 2100004 372 78 433 191
2 1 2981 2100004 372 78 433 190
2 1 2982 2100004 372 78 432 191
2 1 2983 2100004 372 78 432 192
2 1 2984 2100004 372 78 431 191
2 1 2985 2100004 372 78 431 189
2 1 2986 2100004 372 78 432 186
2 1 2998 2100004 371 78 433 185
2 1 3000 2100004 372 79 433 186
2 1 3001 2100004 371 78 435 187
2 1 3002 2100004 371 78 436 188
2 1 3006 2100004 371 78 441 186
2 1 3007 2100004 371 78 443 186
2 1 3010 2100004 371 78 448 184
2 1 3011 2100004 371 78 450 186
2 1 3012 2100004 371 77 452 189
2 1 3013 2100004 371 78 454 187
2 1 3014 2100004 371 77 457 184
2 1 3015 2100004 371 77 460 184
2 1 3016 2100004 371 77 462 183
2 1 3017 2100004 371 77 465 182
2 1 3018 2100004 371 77 467 184
2 1 3019 2100004 371 77 466 187
2 1 3020 2100004 371 77 465 194
2 1 3021 2100004 371 77 463 198
2 1 3022 2100004 371 77 461 203
2 1 3023 2100004 371 77 458 206
2 1 3024 2100004 371 77 454 208
2 1 3025 2100004 371 77 451 211
2 1 3026 2100004 371 78 449 213
2 1 3027 2100004 371 78 448 214
2 1 3028 2100004 371 78 447 215
2 1 3029 2100004 371 78 446 215
2 1 3030 2100004 371 78 446 215
2 1 3031 2100004 371 78 447 215
2 1 3032 2100004 371 78 447 215
2 1 3033 2100004 371 77 447 215
2 1 3082 2100004 371 77 441 210
2 1 3084 2100004 371 78 444 212
2 1 3085 2100004 371 78 444 211
2 1 3086 2100004 371 77 445 211
2 1 3087 2100004 371 77 447 210
2 1 3088 2100004 371 77 448 207
2 1 3089 2100004 371 77 450 205
2 1 3090 2100004 371 77 451 206
2 1 3091 2100004 371 77 454 203
2 1 3092 2100004 371 77 456 202
2 1 3093 2100004 371 77 458 201
2 1 3094 2100004 371 77 459 199
2 1 3095 2100004 371 77 463 198
2 1 3096 2100004 371 76 465 196
2 1 3097 2100004 371 77 466 195
2 1 3098 2100004 371 78 467 194
2 1 3099 2100004 371 78 468 190
2 1 3100 2100004 371 78 469 189
2 1 3101 2100004 372 78 469 188
2 1 3102 2100004 372 78 469 188
2 1 3103 2100004 372 78 468 188
2 1 3104 2100004 372 78 467 189
2 1 3105 2100004 372 78 467 189
2 1 3106 2100004 372 78 467 189
2 1 3107 2100004 371 78 465 191
2 1 3108 2100004 371 78 460 195
2 1 3109 2100004 371 78 457 196
2 1 3110 2100004 371 78 454 199
2 1 3111 2100004 371 78 451 202
2 1 3112 2100004 371 78 448 204
2 1 3113 2100004 371 78 444 204
2 1 3116 2100004 371 78 441 208
2 1 3255 2100004 371 78 439 211
2 1 3265 2100004 371 78 438 210
2 1 3266 2100004 371 78 438 211
2 1 3267 2100004 371 78 438 211
2 1 3268 2100004 371 78 438 211
2 1 3269 2100004 371 78 438 211
2 1 3270 2100004 371 78 439 211
2 1 3272 2100004 371 78 438 211
2 1 3273 2100004 371 78 438 210
2 1 3274 2100004 371 78 438 211
2 1 3275 2100004 371 78 438 211
2 1 3276 2100004 371 78 439 210
2 1 3277 2100004 371 78 439 210
2 1 3278 2100004 371 78 439 210
2 1 3279 2100004 371 78 439 210
2 1 3280 2100004 371 78 439 210
2 1 3281 2100004 371 78 439 210
2 1 3282 2100004 371 78 439 210
2 1 3283 2100004 371 78 439 210
2 1 3284 2100004 371 78 439 210
2 1 3285 2100004 371 78 439 210
2 1 3286 2100004 371 78 439 210
2 1 3287 2100004 371 78 439 210
