6 4 1963 6400001 780 86 861 555
6 4 1964 6400001 781 88 882 555
6 4 1965 6400001 781 89 906 558
6 4 1966 6400001 782 91 922 557
6 4 1967 6400001 783 92 928 558
6 4 1968 6400001 782 93 931 559
6 4 1969 6400001 782 94 932 563
6 4 1970 6400001 782 93 933 564
6 4 1971 6400001 782 92 933 564
6 4 1972 6400001 784 92 934 563
6 4 1973 6400001 791 89 933 563
6 4 1974 6400001 809 86 935 563
6 4 1975 6400001 830 83 943 563
6 4 1976 6400001 852 85 953 563
6 4 1977 6400001 869 84 963 564
6 4 1978 6400001 870 82 972 564
6 4 1979 6400001 871 84 975 565
6 4 1980 6400001 871 86 971 565
6 4 1981 6400001 871 89 970 565
6 4 1982 6400001 871 95 970 565
6 4 1983 6400001 872 102 971 564
6 4 1984 6400001 874 170 970 563
6 4 1985 6400001 877 189 970 564
6 4 1984 6400002 783 155 857 490
6 4 1985 6400002 783 157 873 486
6 4 1986 6400002 784 160 884 492
6 4 1987 6400002 785 162 888 498
6 4 1988 6400002 786 163 888 500
6 4 1989 6400002 786 164 891 501
6 4 1990 6400002 785 164 894 502
6 4 1991 6400002 785 164 896 502
6 4 1992 6400002 784 164 895 501
6 4 1993 6400002 790 163 903 501
6 4 1994 6400002 805 161 910 502
6 4 1995 6400002 826 160 919 507
6 4 1996 6400002 845 159 926 513
6 4 1997 6400002 845 158 933 520
6 4 1998 6400002 845 158 942 527
6 4 1999 6400002 845 159 950 530
6 4 2000 6400002 845 161 956 532
6 4 2001 6400002 845 164 964 531
6 4 2002 6400002 846 166 967 531
6 4 2003 6400002 848 168 969 530
6 4 2004 6400002 852 169 969 530
6 4 2005 6400002 863 170 971 531
6 4 2006 6400002 878 168 972 526
6 4 2007 6400002 891 167 972 530
6 4 2008 6400002 931 164 971 524
6 4 2009 6400002 926 165 971 534
6 4 1988 6400003 907 472 954 560
