6 5 2 6500001 521 38 551 145
6 5 3 6500001 521 38 551 144
6 5 4 6500001 521 38 551 145
6 5 5 6500001 517 38 553 146
6 5 6 6500001 514 38 553 147
6 5 7 6500001 514 38 552 147
6 5 8 6500001 514 38 552 146
6 5 9 6500001 516 38 552 130
6 5 10 6500001 517 38 553 147
6 5 11 6500001 517 38 553 148
6 5 12 6500001 517 37 554 149
6 5 13 6500001 517 37 553 149
6 5 14 6500001 518 38 554 153
6 5 15 6500001 518 38 554 147
6 5 16 6500001 518 39 554 148
6 5 17 6500001 518 38 554 152
6 5 18 6500001 518 38 554 151
6 5 19 6500001 519 38 554 153
6 5 20 6500001 519 38 554 151
6 5 21 6500001 518 38 554 152
6 5 22 6500001 517 38 553 151
6 5 23 6500001 517 38 553 153
6 5 24 6500001 515 41 552 155
6 5 25 6500001 515 42 552 156
6 5 26 6500001 515 41 551 156
6 5 27 6500001 513 41 550 158
6 5 28 6500001 514 40 550 159
6 5 29 6500001 511 42 550 158
6 5 30 6500001 512 42 550 158
6 5 31 6500001 510 42 550 159
6 5 32 6500001 510 40 549 158
6 5 33 6500001 509 40 548 158
6 5 34 6500001 509 40 548 159
6 5 35 6500001 509 40 548 159
6 5 36 6500001 509 41 548 159
6 5 37 6500001 508 40 548 159
6 5 38 6500001 508 41 548 159
6 5 39 6500001 508 40 549 160
6 5 40 6500001 508 40 549 162
6 5 41 6500001 508 40 548 163
6 5 42 6500001 509 40 548 162
6 5 43 6500001 509 40 547 162
6 5 44 6500001 509 41 547 162
6 5 45 6500001 509 41 547 162
6 5 46 6500001 510 41 547 162
6 5 47 6500001 510 41 547 162
6 5 48 6500001 511 41 549 163
6 5 49 6500001 513 41 546 163
6 5 50 6500001 515 41 546 163
6 5 51 6500001 515 42 546 163
6 5 52 6500001 516 42 547 163
6 5 53 6500001 518 42 548 163
6 5 54 6500001 519 46 551 163
6 5 55 6500001 518 43 548 163
6 5 56 6500001 518 43 549 162
6 5 57 6500001 517 42 549 162
6 5 58 6500001 516 41 547 162
6 5 59 6500001 518 42 547 162
6 5 60 6500001 522 51 551 162
6 5 61 6500001 522 53 553 161
6 5 67 6500001 535 55 558 147
6 5 68 6500001 535 55 561 152
6 5 69 6500001 535 55 565 152
6 5 70 6500001 534 55 567 154
6 5 71 6500001 536 55 567 155
6 5 72 6500001 536 55 569 156
6 5 73 6500001 537 57 569 156
6 5 74 6500001 536 56 569 156
6 5 75 6500001 537 56 570 156
6 5 76 6500001 537 56 570 155
6 5 77 6500001 538 55 569 155
6 5 78 6500001 538 55 569 155
6 5 79 6500001 538 55 569 155
6 5 80 6500001 537 55 569 155
6 5 81 6500001 538 55 569 154
6 5 82 6500001 538 55 569 155
6 5 83 6500001 538 55 569 155
6 5 84 6500001 538 54 569 156
6 5 85 6500001 537 55 569 155
6 5 86 6500001 537 55 569 155
6 5 87 6500001 537 55 569 156
6 5 88 6500001 537 55 569 155
6 5 89 6500001 537 55 569 155
6 5 90 6500001 537 55 570 155
6 5 91 6500001 538 54 569 155
6 5 92 6500001 538 54 569 155
6 5 93 6500001 538 54 570 155
6 5 94 6500001 539 54 570 155
6 5 95 6500001 541 55 570 155
6 5 96 6500001 542 55 570 155
6 5 97 6500001 542 55 571 155
6 5 98 6500001 544 55 570 154
6 5 99 6500001 545 54 570 154
6 5 100 6500001 545 54 571 154
6 5 101 6500001 545 54 570 154
6 5 102 6500001 546 55 570 154
6 5 103 6500001 546 55 570 154
6 5 104 6500001 546 55 570 154
6 5 105 6500001 546 55 570 153
6 5 106 6500001 546 54 570 153
6 5 107 6500001 546 54 570 152
6 5 108 6500001 546 54 569 151
6 5 109 6500001 546 54 570 151
6 5 110 6500001 545 54 570 150
6 5 111 6500001 546 54 570 152
6 5 112 6500001 546 54 571 152
6 5 113 6500001 546 54 571 153
6 5 114 6500001 546 54 572 153
6 5 115 6500001 546 54 572 153
6 5 116 6500001 546 54 572 152
6 5 117 6500001 546 54 573 152
6 5 118 6500001 546 54 573 152
6 5 119 6500001 546 54 573 152
6 5 120 6500001 546 54 573 151
6 5 121 6500001 546 53 574 151
6 5 122 6500001 547 53 575 151
6 5 123 6500001 546 53 575 151
6 5 124 6500001 546 54 575 151
6 5 125 6500001 546 54 576 152
6 5 126 6500001 546 54 576 152
6 5 127 6500001 547 54 576 152
6 5 128 6500001 547 54 576 151
6 5 129 6500001 547 54 577 151
6 5 130 6500001 547 54 577 151
6 5 131 6500001 547 54 577 151
6 5 132 6500001 547 55 577 151
6 5 133 6500001 547 55 577 151
6 5 134 6500001 548 55 576 151
6 5 135 6500001 548 55 576 151
6 5 136 6500001 548 55 575 151
6 5 137 6500001 548 55 575 150
6 5 138 6500001 547 55 575 150
6 5 139 6500001 547 55 575 151
6 5 140 6500001 546 54 575 151
6 5 141 6500001 546 54 574 151
6 5 142 6500001 544 55 575 150
6 5 143 6500001 544 55 575 151
6 5 144 6500001 545 55 574 150
6 5 145 6500001 544 54 574 151
6 5 146 6500001 543 54 573 150
6 5 147 6500001 541 55 573 150
6 5 148 6500001 540 55 573 150
6 5 149 6500001 540 55 573 150
6 5 150 6500001 540 55 573 150
6 5 151 6500001 541 55 573 151
6 5 152 6500001 541 56 572 152
6 5 153 6500001 539 56 572 152
6 5 154 6500001 538 56 572 153
6 5 155 6500001 538 56 571 152
6 5 156 6500001 537 56 569 151
6 5 157 6500001 538 55 568 150
6 5 158 6500001 535 56 569 153
6 5 159 6500001 534 55 568 152
6 5 160 6500001 533 55 567 153
6 5 161 6500001 532 57 567 153
6 5 162 6500001 529 59 568 155
6 5 163 6500001 529 60 556 154
6 5 164 6500001 529 61 552 155
6 5 165 6500001 528 60 552 156
6 5 166 6500001 527 59 552 156
6 5 167 6500001 525 59 552 156
6 5 168 6500001 521 59 552 157
6 5 169 6500001 518 59 552 155
6 5 170 6500001 515 60 552 157
6 5 171 6500001 512 60 551 158
6 5 172 6500001 513 60 552 158
6 5 173 6500001 513 61 550 158
6 5 174 6500001 514 61 550 158
6 5 175 6500001 513 62 548 158
6 5 176 6500001 513 62 544 158
6 5 177 6500001 513 61 541 158
6 5 178 6500001 513 62 538 157
6 5 179 6500001 510 62 534 157
6 5 180 6500001 511 62 531 157
6 5 181 6500001 510 62 528 157
6 5 182 6500001 509 62 527 158
6 5 187 6500001 507 68 527 158
6 5 1708 6500001 504 62 519 144
6 5 1709 6500001 505 64 520 156
6 5 1710 6500001 505 61 522 158
6 5 1711 6500001 505 61 527 158
6 5 1712 6500001 505 62 529 158
6 5 1713 6500001 505 62 534 158
6 5 1714 6500001 506 61 537 158
6 5 1715 6500001 507 61 540 157
6 5 1716 6500001 508 62 540 158
6 5 1717 6500001 508 61 540 158
6 5 1718 6500001 508 62 540 158
6 5 1719 6500001 509 61 540 158
6 5 1720 6500001 510 61 541 158
6 5 1721 6500001 512 61 541 158
6 5 1722 6500001 513 61 541 158
6 5 1723 6500001 516 60 541 158
6 5 1724 6500001 518 59 541 158
6 5 1725 6500001 520 58 543 157
6 5 1726 6500001 520 57 545 158
6 5 1727 6500001 522 58 546 157
6 5 1728 6500001 523 58 550 157
6 5 1729 6500001 524 59 554 157
6 5 1730 6500001 526 59 566 157
6 5 1731 6500001 527 59 568 158
6 5 1732 6500001 527 59 569 158
6 5 1733 6500001 527 60 569 158
6 5 1734 6500001 527 59 569 158
6 5 1735 6500001 528 60 570 158
6 5 1736 6500001 528 60 570 158
6 5 1737 6500001 528 59 570 158
6 5 1738 6500001 528 58 570 158
6 5 1739 6500001 529 58 570 159
6 5 1740 6500001 532 58 570 159
6 5 1741 6500001 535 58 571 159
6 5 1742 6500001 536 57 571 159
6 5 1743 6500001 537 57 571 160
6 5 1744 6500001 538 56 571 160
6 5 1745 6500001 539 57 570 159
6 5 1746 6500001 540 57 570 160
6 5 1747 6500001 540 57 571 161
6 5 1748 6500001 541 58 572 160
6 5 1749 6500001 541 58 573 160
6 5 1750 6500001 542 58 574 159
6 5 1751 6500001 542 58 575 160
6 5 1752 6500001 542 58 575 161
6 5 1753 6500001 542 58 574 162
6 5 1754 6500001 543 58 573 162
6 5 1755 6500001 543 58 572 162
6 5 1756 6500001 544 58 572 162
6 5 1757 6500001 544 58 573 161
6 5 1758 6500001 544 58 573 162
6 5 1759 6500001 544 58 576 162
6 5 1760 6500001 545 58 577 162
6 5 1761 6500001 545 58 576 164
6 5 1762 6500001 545 58 575 163
6 5 1763 6500001 545 57 576 162
6 5 1764 6500001 545 57 575 162
6 5 1765 6500001 546 57 576 163
6 5 1766 6500001 546 58 576 163
6 5 1767 6500001 546 58 577 163
6 5 1768 6500001 546 59 578 163
6 5 1769 6500001 547 59 578 163
6 5 1770 6500001 547 59 578 164
6 5 1771 6500001 547 59 579 164
6 5 1772 6500001 548 59 579 164
6 5 1773 6500001 548 59 581 164
6 5 1774 6500001 548 59 581 164
6 5 1775 6500001 549 59 581 164
6 5 1776 6500001 549 59 581 162
6 5 1777 6500001 548 59 582 163
6 5 1778 6500001 548 59 581 163
6 5 1779 6500001 548 59 580 164
6 5 1780 6500001 549 59 581 164
6 5 1781 6500001 548 60 581 164
6 5 1782 6500001 548 60 581 166
6 5 1783 6500001 548 60 582 166
6 5 1784 6500001 548 60 581 166
6 5 1785 6500001 548 61 582 166
6 5 1786 6500001 548 61 583 168
6 5 1787 6500001 548 62 583 170
6 5 1788 6500001 547 62 583 167
6 5 1789 6500001 548 62 583 171
6 5 1790 6500001 548 62 583 172
6 5 1791 6500001 548 62 583 171
6 5 1792 6500001 548 62 583 170
6 5 1793 6500001 547 62 583 169
6 5 1794 6500001 548 62 583 168
6 5 1795 6500001 547 62 583 168
6 5 1796 6500001 548 62 583 170
6 5 1797 6500001 548 62 583 171
6 5 1798 6500001 548 62 583 170
6 5 1799 6500001 548 62 583 171
6 5 1800 6500001 548 62 584 172
6 5 1801 6500001 548 62 584 172
6 5 1802 6500001 547 63 584 175
6 5 1803 6500001 547 63 585 187
6 5 1804 6500001 548 64 584 181
6 5 1805 6500001 547 64 583 181
6 5 1806 6500001 547 64 583 185
6 5 1807 6500001 547 64 584 191
6 5 1808 6500001 551 64 585 189
6 5 1809 6500001 551 63 584 191
6 5 1810 6500001 547 63 588 191
6 5 1811 6500001 547 63 593 191
6 5 1812 6500001 555 63 592 184
6 5 1813 6500001 552 63 592 187
6 5 1814 6500001 552 63 592 189
6 5 1815 6500001 552 63 592 188
6 5 1816 6500001 552 63 592 190
6 5 1817 6500001 552 64 593 191
6 5 1818 6500001 549 64 590 190
6 5 1819 6500001 549 65 587 190
6 5 1820 6500001 550 65 585 190
6 5 1821 6500001 549 66 585 190
6 5 1822 6500001 549 66 585 191
6 5 1823 6500001 549 66 585 191
6 5 1824 6500001 547 66 584 191
6 5 1825 6500001 548 65 585 191
6 5 1826 6500001 548 66 585 191
6 5 1827 6500001 548 66 585 191
6 5 1828 6500001 549 66 585 191
6 5 1829 6500001 549 66 585 191
6 5 1830 6500001 549 66 585 190
6 5 1831 6500001 549 66 584 190
6 5 1832 6500001 548 66 585 192
6 5 1833 6500001 548 66 585 192
6 5 1834 6500001 548 67 585 192
6 5 1835 6500001 547 68 585 192
6 5 1836 6500001 548 68 589 193
6 5 1837 6500001 546 68 594 193
6 5 1838 6500001 548 68 589 193
6 5 1839 6500001 548 68 588 193
6 5 1840 6500001 547 69 589 193
6 5 1841 6500001 549 69 590 193
6 5 1842 6500001 550 69 590 193
6 5 1843 6500001 554 69 591 193
6 5 1844 6500001 554 69 591 193
6 5 1845 6500001 554 68 593 193
6 5 1846 6500001 554 68 594 194
6 5 1847 6500001 553 68 593 195
6 5 1848 6500001 554 69 595 198
6 5 1849 6500001 554 69 595 199
6 5 1850 6500001 554 70 594 200
6 5 1851 6500001 554 71 594 200
6 5 1852 6500001 553 71 594 201
6 5 1853 6500001 555 71 593 201
6 5 1854 6500001 555 71 593 201
6 5 1855 6500001 556 71 593 202
6 5 1856 6500001 556 71 593 201
6 5 1857 6500001 556 71 592 201
6 5 1858 6500001 555 71 591 201
6 5 1859 6500001 555 71 592 202
6 5 1860 6500001 556 70 592 202
6 5 1861 6500001 557 70 594 202
6 5 1862 6500001 558 71 594 203
6 5 1863 6500001 557 71 595 205
6 5 1864 6500001 557 71 595 206
6 5 1865 6500001 557 72 596 207
6 5 1866 6500001 558 72 596 207
6 5 1867 6500001 558 72 597 207
6 5 1868 6500001 559 73 597 205
6 5 1869 6500001 560 74 597 205
6 5 1870 6500001 560 74 598 208
6 5 1871 6500001 561 75 598 208
6 5 1872 6500001 562 74 598 210
6 5 1873 6500001 561 74 599 210
6 5 1874 6500001 562 75 600 211
6 5 1875 6500001 562 75 601 211
6 5 1876 6500001 562 74 599 211
6 5 1877 6500001 561 74 600 212
6 5 1878 6500001 560 75 602 216
6 5 1879 6500001 560 75 603 218
6 5 1880 6500001 560 76 603 220
6 5 1881 6500001 560 76 603 220
6 5 1882 6500001 560 77 603 221
6 5 1883 6500001 561 78 602 221
6 5 1884 6500001 561 78 603 222
6 5 1885 6500001 561 78 603 221
6 5 1886 6500001 561 78 603 221
6 5 1887 6500001 560 79 601 221
6 5 1888 6500001 560 79 600 221
6 5 1889 6500001 561 78 600 222
6 5 1890 6500001 561 78 601 222
6 5 1891 6500001 562 78 601 221
6 5 1892 6500001 562 77 601 221
6 5 1893 6500001 562 78 601 222
6 5 1894 6500001 562 78 602 225
6 5 1895 6500001 564 79 602 227
6 5 1896 6500001 564 79 603 228
6 5 1897 6500001 565 80 605 230
6 5 1898 6500001 566 82 604 231
6 5 1899 6500001 566 83 604 232
6 5 1900 6500001 566 82 605 232
6 5 1901 6500001 567 82 606 232
6 5 1902 6500001 567 82 607 232
6 5 1903 6500001 567 82 608 232
6 5 1904 6500001 568 83 609 232
6 5 1905 6500001 568 82 609 233
6 5 1906 6500001 568 82 609 233
6 5 1907 6500001 568 82 609 233
6 5 1908 6500001 569 82 610 234
6 5 1909 6500001 569 82 610 238
6 5 1910 6500001 570 83 611 243
6 5 1911 6500001 570 85 611 245
6 5 1912 6500001 570 87 610 247
6 5 1913 6500001 570 87 611 247
6 5 1914 6500001 570 88 612 247
6 5 1915 6500001 571 87 613 247
6 5 1916 6500001 571 86 613 251
6 5 1917 6500001 573 90 617 257
6 5 1918 6500001 573 92 616 256
6 5 1919 6500001 573 92 618 260
6 5 1920 6500001 572 93 617 261
6 5 1921 6500001 573 93 621 262
6 5 1922 6500001 574 93 623 261
6 5 1923 6500001 574 92 623 261
6 5 1924 6500001 574 91 622 261
6 5 1925 6500001 573 91 622 261
6 5 1926 6500001 574 91 623 261
6 5 1927 6500001 573 91 624 262
6 5 1928 6500001 574 91 624 266
6 5 1929 6500001 574 91 624 266
6 5 1930 6500001 575 92 625 270
6 5 1931 6500001 573 94 626 274
6 5 1932 6500001 572 94 626 279
6 5 1933 6500001 572 96 626 281
6 5 1934 6500001 572 97 626 281
6 5 1935 6500001 571 98 626 281
6 5 1936 6500001 571 98 626 283
6 5 1937 6500001 572 98 626 282
6 5 1938 6500001 576 98 626 282
6 5 1939 6500001 577 98 626 282
6 5 1940 6500001 577 97 626 283
6 5 1941 6500001 576 97 627 283
6 5 1942 6500001 576 97 627 284
6 5 1943 6500001 577 97 627 282
6 5 1944 6500001 577 97 627 285
6 5 1945 6500001 578 99 627 287
6 5 1946 6500001 578 100 628 291
6 5 1947 6500001 580 102 629 293
6 5 1948 6500001 579 103 630 295
6 5 1949 6500001 580 104 630 297
6 5 1950 6500001 581 105 630 299
6 5 1951 6500001 581 105 632 300
6 5 1952 6500001 582 106 634 299
6 5 1953 6500001 583 106 638 300
6 5 1954 6500001 584 106 637 299
6 5 1955 6500001 584 105 640 300
6 5 1956 6500001 584 105 646 300
6 5 1957 6500001 582 105 647 300
6 5 1958 6500001 580 105 646 300
6 5 1959 6500001 580 105 645 304
6 5 1960 6500001 582 106 645 310
6 5 1961 6500001 582 107 645 315
6 5 1962 6500001 583 108 645 320
6 5 1963 6500001 584 110 644 322
6 5 1964 6500001 586 112 642 322
6 5 1965 6500001 585 114 643 323
6 5 1966 6500001 584 114 643 323
6 5 1967 6500001 585 115 644 323
6 5 1968 6500001 584 115 644 324
6 5 1969 6500001 584 115 645 324
6 5 1970 6500001 589 114 645 325
6 5 1971 6500001 591 114 645 324
6 5 1972 6500001 593 114 645 329
6 5 1973 6500001 593 115 645 335
6 5 1974 6500001 597 117 648 338
6 5 1975 6500001 598 120 649 346
6 5 1976 6500001 600 121 650 348
6 5 1977 6500001 600 121 650 348
6 5 1978 6500001 601 122 651 349
6 5 1979 6500001 602 123 653 349
6 5 1980 6500001 603 123 654 351
6 5 1981 6500001 603 124 656 351
6 5 1982 6500001 605 125 657 351
6 5 1983 6500001 605 125 657 352
6 5 1984 6500001 604 124 658 352
6 5 1985 6500001 604 123 659 351
6 5 1986 6500001 609 123 660 352
6 5 1987 6500001 609 123 662 357
6 5 1988 6500001 608 125 663 363
6 5 1989 6500001 606 126 666 370
6 5 1990 6500001 609 128 665 371
6 5 1991 6500001 612 130 665 376
6 5 1992 6500001 614 132 665 382
6 5 1993 6500001 612 133 666 383
6 5 1994 6500001 612 134 666 383
6 5 1995 6500001 615 135 666 383
6 5 1996 6500001 615 136 666 383
6 5 1997 6500001 615 136 667 384
6 5 1998 6500001 616 136 667 383
6 5 1999 6500001 616 135 668 383
6 5 2000 6500001 616 135 668 383
6 5 2001 6500001 616 136 668 384
6 5 2002 6500001 618 136 669 390
6 5 2003 6500001 619 137 670 400
6 5 2004 6500001 620 139 670 409
6 5 2005 6500001 619 141 670 412
6 5 2006 6500001 621 144 670 420
6 5 2007 6500001 621 147 671 421
6 5 2008 6500001 622 148 671 421
6 5 2009 6500001 622 150 672 423
6 5 2010 6500001 622 150 672 423
6 5 2011 6500001 623 151 673 423
6 5 2012 6500001 623 152 674 422
6 5 2013 6500001 623 152 674 422
6 5 2014 6500001 622 152 675 421
6 5 2015 6500001 622 151 676 422
6 5 2016 6500001 621 150 677 422
6 5 2017 6500001 620 153 678 426
6 5 2018 6500001 620 155 678 423
6 5 2019 6500001 619 157 679 421
6 5 2020 6500001 619 159 678 423
6 5 2021 6500001 617 161 676 423
6 5 2022 6500001 617 164 674 423
6 5 2023 6500001 616 166 672 423
6 5 2024 6500001 615 167 671 424
6 5 2025 6500001 614 168 671 424
6 5 2026 6500001 614 168 671 424
6 5 2027 6500001 614 168 671 429
6 5 2028 6500001 613 168 671 437
6 5 2029 6500001 612 167 671 454
6 5 2030 6500001 611 167 672 464
6 5 2031 6500001 606 167 671 469
6 5 2032 6500001 605 167 671 482
6 5 2033 6500001 602 170 671 493
6 5 2034 6500001 601 171 671 500
6 5 2035 6500001 597 176 672 505
6 5 2036 6500001 592 180 673 516
6 5 2037 6500001 590 182 673 516
6 5 2038 6500001 586 184 674 516
6 5 2039 6500001 584 186 674 516
6 5 2040 6500001 583 186 675 497
6 5 2041 6500001 582 187 675 500
6 5 2042 6500001 578 188 675 498
6 5 2043 6500001 574 187 675 498
6 5 2044 6500001 574 187 676 516
6 5 2045 6500001 572 187 677 518
6 5 2046 6500001 571 188 677 528
6 5 2047 6500001 570 190 676 540
6 5 2048 6500001 569 193 677 548
6 5 2049 6500001 567 195 675 554
6 5 2050 6500001 566 197 673 558
6 5 2051 6500001 564 199 672 558
6 5 2052 6500001 562 201 671 560
6 5 2053 6500001 560 202 669 560
6 5 2054 6500001 553 205 666 560
6 5 2055 6500001 550 206 666 560
6 5 2056 6500001 547 207 665 559
6 5 2057 6500001 545 207 665 560
6 5 2058 6500001 544 207 664 563
6 5 2059 6500001 543 208 664 576
6 5 2060 6500001 543 209 663 586
6 5 2061 6500001 542 211 663 599
6 5 2062 6500001 542 213 664 610
6 5 2063 6500001 540 216 663 616
6 5 2064 6500001 540 218 662 622
6 5 2065 6500001 537 222 661 624
6 5 2066 6500001 535 223 660 625
6 5 2067 6500001 533 225 659 625
6 5 2068 6500001 533 226 658 624
6 5 2069 6500001 533 228 657 625
6 5 2070 6500001 533 229 656 624
6 5 2071 6500001 535 230 654 624
6 5 2072 6500001 535 231 652 624
6 5 2073 6500001 537 231 650 625
6 5 2074 6500001 537 231 650 625
6 5 2075 6500001 539 232 648 625
6 5 2076 6500001 540 233 647 625
6 5 2077 6500001 542 235 644 625
6 5 2078 6500001 543 236 642 625
6 5 2079 6500001 534 237 639 625
6 5 2080 6500001 524 238 634 625
6 5 2081 6500001 523 240 631 625
6 5 2082 6500001 521 242 630 625
6 5 2083 6500001 521 244 629 625
6 5 2084 6500001 520 245 629 625
6 5 2085 6500001 518 247 629 625
6 5 2086 6500001 514 248 629 625
6 5 2087 6500001 510 249 629 625
6 5 2088 6500001 507 250 628 625
6 5 2089 6500001 504 250 626 625
6 5 2090 6500001 427 251 626 622
6 5 2091 6500001 433 252 624 624
6 5 2092 6500001 436 251 616 625
6 5 2093 6500001 443 251 608 626
6 5 2094 6500001 464 248 586 632
6 5 2095 6500001 502 251 571 636
6 5 2096 6500001 503 254 551 628
6 5 73 6500002 511 43 544 162
6 5 74 6500002 510 43 544 162
6 5 75 6500002 511 43 544 162
6 5 76 6500002 511 43 544 162
6 5 77 6500002 513 42 545 162
6 5 78 6500002 513 42 545 162
6 5 79 6500002 511 43 544 162
6 5 80 6500002 512 42 545 161
6 5 81 6500002 512 42 545 161
6 5 82 6500002 512 43 545 162
6 5 83 6500002 515 42 545 161
6 5 84 6500002 518 43 545 161
6 5 85 6500002 521 49 545 162
6 5 86 6500002 517 41 545 161
6 5 87 6500002 519 42 545 161
6 5 88 6500002 518 42 545 161
6 5 89 6500002 521 47 545 162
6 5 90 6500002 521 47 545 162
6 5 91 6500002 520 46 545 162
6 5 92 6500002 521 46 545 162
6 5 93 6500002 521 47 545 162
6 5 94 6500002 519 42 545 161
6 5 95 6500002 522 47 545 162
6 5 96 6500002 511 43 546 162
6 5 97 6500002 510 43 546 162
6 5 98 6500002 511 43 547 162
6 5 99 6500002 511 43 547 162
6 5 100 6500002 511 43 547 162
6 5 101 6500002 511 44 546 162
6 5 102 6500002 511 44 546 162
6 5 103 6500002 511 43 546 162
6 5 104 6500002 511 44 545 162
6 5 105 6500002 512 44 545 162
6 5 106 6500002 511 44 545 162
6 5 107 6500002 512 44 545 162
6 5 108 6500002 511 45 546 162
6 5 109 6500002 508 44 546 162
6 5 110 6500002 508 44 545 162
6 5 111 6500002 508 44 545 162
6 5 112 6500002 509 44 545 162
6 5 113 6500002 508 44 545 162
6 5 114 6500002 508 45 545 162
6 5 115 6500002 508 44 545 162
6 5 116 6500002 509 45 545 162
6 5 117 6500002 509 46 545 162
6 5 118 6500002 508 45 545 162
6 5 119 6500002 508 46 545 162
6 5 120 6500002 508 45 545 161
6 5 121 6500002 507 45 545 161
6 5 122 6500002 506 42 545 161
6 5 123 6500002 507 42 545 161
6 5 124 6500002 506 42 545 160
6 5 125 6500002 509 42 545 160
6 5 126 6500002 506 40 545 160
6 5 127 6500002 507 42 546 159
6 5 128 6500002 506 41 545 159
6 5 129 6500002 506 42 545 160
6 5 130 6500002 506 42 545 160
6 5 131 6500002 507 42 545 160
6 5 132 6500002 507 47 545 159
6 5 133 6500002 507 47 545 158
6 5 134 6500002 505 39 546 158
6 5 135 6500002 505 39 546 158
6 5 136 6500002 504 39 546 157
6 5 137 6500002 504 38 544 158
6 5 138 6500002 507 50 544 158
6 5 139 6500002 506 46 544 158
6 5 140 6500002 508 53 544 157
6 5 141 6500002 507 51 544 157
6 5 142 6500002 507 51 542 157
6 5 143 6500002 506 50 540 157
6 5 144 6500002 505 49 540 156
6 5 145 6500002 506 50 537 157
6 5 146 6500002 505 49 534 156
6 5 147 6500002 506 60 531 156
6 5 1741 6500002 506 46 525 160
6 5 1742 6500002 506 45 528 160
6 5 1743 6500002 506 45 531 159
6 5 1744 6500002 506 44 532 159
6 5 1745 6500002 506 44 534 159
6 5 1746 6500002 507 44 534 160
6 5 1747 6500002 506 43 534 160
6 5 1748 6500002 506 43 534 159
6 5 1749 6500002 506 44 534 159
6 5 1750 6500002 507 43 534 159
6 5 1751 6500002 507 43 534 160
6 5 1752 6500002 506 41 535 161
6 5 1753 6500002 506 41 535 161
6 5 1754 6500002 506 41 535 161
6 5 1755 6500002 506 41 536 161
6 5 1756 6500002 506 41 537 160
6 5 1757 6500002 506 41 537 160
6 5 1758 6500002 506 41 538 160
6 5 1759 6500002 506 41 538 160
6 5 1760 6500002 506 41 538 160
6 5 1761 6500002 507 41 538 160
6 5 1762 6500002 507 42 539 160
6 5 1763 6500002 507 42 539 160
6 5 1764 6500002 507 41 539 160
6 5 1765 6500002 507 41 539 160
6 5 1766 6500002 507 41 539 160
6 5 1767 6500002 507 41 539 160
6 5 1768 6500002 507 41 539 160
6 5 1769 6500002 507 41 539 160
6 5 1770 6500002 507 41 539 160
6 5 1771 6500002 507 41 539 160
6 5 1772 6500002 507 41 539 160
6 5 1773 6500002 507 41 539 160
6 5 1774 6500002 507 42 539 160
6 5 1775 6500002 507 42 538 160
6 5 1776 6500002 507 44 537 160
6 5 1777 6500002 507 43 537 160
6 5 1778 6500002 507 43 537 160
6 5 1779 6500002 507 43 536 160
6 5 1780 6500002 507 43 536 160
6 5 1781 6500002 506 43 535 160
6 5 1782 6500002 506 42 535 160
6 5 1783 6500002 506 42 535 160
6 5 1784 6500002 506 42 535 160
6 5 1785 6500002 506 42 535 160
6 5 1786 6500002 506 42 535 160
6 5 1787 6500002 506 42 536 160
6 5 1788 6500002 506 43 537 160
6 5 1789 6500002 506 42 538 160
6 5 1790 6500002 506 42 538 160
6 5 1791 6500002 507 42 538 162
6 5 1792 6500002 506 42 539 162
6 5 1793 6500002 507 42 540 162
6 5 1794 6500002 506 42 540 162
6 5 1795 6500002 507 42 539 162
6 5 1796 6500002 507 42 540 162
6 5 1797 6500002 507 43 540 162
6 5 1798 6500002 507 44 541 162
6 5 1799 6500002 507 44 541 162
6 5 1800 6500002 508 42 541 162
6 5 1801 6500002 508 44 540 162
6 5 1802 6500002 508 44 540 162
6 5 1803 6500002 508 44 540 162
6 5 1804 6500002 508 45 540 162
6 5 1805 6500002 508 44 540 162
6 5 1806 6500002 508 44 540 162
6 5 1807 6500002 508 44 540 162
6 5 1808 6500002 508 44 540 162
6 5 1809 6500002 508 44 540 162
6 5 1810 6500002 508 44 541 162
6 5 1811 6500002 508 44 541 162
6 5 1812 6500002 508 44 541 162
6 5 1813 6500002 508 44 541 162
6 5 1814 6500002 508 44 541 162
6 5 1815 6500002 508 44 541 162
6 5 1816 6500002 508 44 541 162
6 5 1817 6500002 508 44 541 162
6 5 1818 6500002 507 44 540 163
6 5 1819 6500002 507 44 541 163
6 5 1820 6500002 507 44 541 163
6 5 1821 6500002 507 44 540 164
6 5 1822 6500002 507 44 541 164
6 5 1823 6500002 507 45 541 165
6 5 1824 6500002 508 45 542 166
6 5 1825 6500002 508 46 542 165
6 5 1826 6500002 510 47 543 165
6 5 1827 6500002 511 46 543 165
6 5 1828 6500002 511 47 544 165
6 5 1829 6500002 512 46 544 166
6 5 1830 6500002 513 48 545 167
6 5 1831 6500002 513 48 546 167
6 5 1832 6500002 512 48 546 168
6 5 1833 6500002 512 48 546 168
6 5 1834 6500002 513 48 546 168
6 5 1835 6500002 515 48 546 168
6 5 1836 6500002 511 49 548 169
6 5 1837 6500002 510 48 548 169
6 5 1838 6500002 513 45 548 169
6 5 1839 6500002 512 45 549 169
6 5 1840 6500002 515 45 549 168
6 5 1841 6500002 514 45 549 169
6 5 1842 6500002 515 44 550 170
6 5 1843 6500002 514 44 551 173
6 5 1844 6500002 516 44 552 174
6 5 1845 6500002 517 44 552 175
6 5 1846 6500002 517 45 553 178
6 5 1847 6500002 517 45 553 179
6 5 1848 6500002 516 45 554 179
6 5 1849 6500002 516 45 554 179
6 5 1850 6500002 517 46 554 180
6 5 1851 6500002 517 46 554 180
6 5 1852 6500002 516 45 554 180
6 5 1853 6500002 515 45 553 180
6 5 1854 6500002 515 45 554 180
6 5 1855 6500002 513 45 555 180
6 5 1856 6500002 514 44 554 180
6 5 1857 6500002 512 44 555 180
6 5 1858 6500002 511 44 555 183
6 5 1859 6500002 513 44 554 185
6 5 1860 6500002 518 43 554 187
6 5 1861 6500002 518 45 555 189
6 5 1862 6500002 518 45 555 190
6 5 1863 6500002 518 45 554 190
6 5 1864 6500002 517 45 554 191
6 5 1865 6500002 516 45 555 191
6 5 1866 6500002 517 44 555 191
6 5 1867 6500002 517 44 555 191
6 5 1868 6500002 516 44 555 191
6 5 1869 6500002 517 43 556 191
6 5 1870 6500002 518 43 556 193
6 5 1871 6500002 517 43 557 197
6 5 1872 6500002 517 44 557 200
6 5 1873 6500002 517 46 557 200
6 5 1874 6500002 516 48 557 201
6 5 1875 6500002 509 50 556 203
6 5 1876 6500002 509 51 557 204
6 5 1877 6500002 508 51 556 205
6 5 1878 6500002 508 50 555 206
6 5 1879 6500002 507 50 554 206
6 5 1880 6500002 507 50 554 206
6 5 1881 6500002 507 50 554 206
6 5 1882 6500002 507 49 554 206
6 5 1883 6500002 507 47 554 206
6 5 1884 6500002 507 46 555 206
6 5 1885 6500002 508 46 555 207
6 5 1886 6500002 508 47 555 211
6 5 1887 6500002 507 47 555 214
6 5 1888 6500002 507 48 555 216
6 5 1889 6500002 507 49 556 217
6 5 1890 6500002 507 50 557 218
6 5 1891 6500002 508 51 558 220
6 5 1892 6500002 508 52 558 221
6 5 1893 6500002 509 51 557 222
6 5 1894 6500002 509 52 560 222
6 5 1895 6500002 509 52 561 222
6 5 1896 6500002 509 51 560 223
6 5 1897 6500002 509 51 560 223
6 5 1898 6500002 509 51 560 223
6 5 1899 6500002 508 51 561 223
6 5 1900 6500002 508 51 561 224
6 5 1901 6500002 509 52 561 229
6 5 1902 6500002 509 52 561 230
6 5 1903 6500002 509 53 561 230
6 5 1904 6500002 508 54 560 234
6 5 1905 6500002 508 56 560 236
6 5 1906 6500002 508 55 560 238
6 5 1907 6500002 508 56 559 241
6 5 1908 6500002 508 56 558 242
6 5 1909 6500002 508 56 557 241
6 5 1910 6500002 508 57 557 241
6 5 1911 6500002 507 56 557 241
6 5 1912 6500002 506 56 557 241
6 5 1913 6500002 507 56 557 244
6 5 1914 6500002 507 56 558 255
6 5 1915 6500002 508 59 560 261
6 5 1916 6500002 508 59 562 262
6 5 1917 6500002 509 59 563 262
6 5 1918 6500002 508 59 563 263
6 5 1919 6500002 508 59 563 263
6 5 1920 6500002 508 59 564 263
6 5 1921 6500002 508 59 564 272
6 5 1922 6500002 508 60 564 277
6 5 1923 6500002 509 62 564 280
6 5 1924 6500002 509 64 564 281
6 5 1925 6500002 509 65 564 281
6 5 1926 6500002 508 66 564 284
6 5 1927 6500002 508 67 565 287
6 5 1928 6500002 507 67 565 287
6 5 1929 6500002 507 67 565 287
6 5 1930 6500002 506 67 565 288
6 5 1931 6500002 507 67 566 288
6 5 1932 6500002 506 66 566 288
6 5 1933 6500002 506 65 567 288
6 5 1934 6500002 506 65 567 288
6 5 1935 6500002 505 64 567 288
6 5 1936 6500002 505 64 569 287
6 5 1937 6500002 507 64 570 292
6 5 1938 6500002 508 65 571 297
6 5 1939 6500002 509 66 571 302
6 5 1940 6500002 510 67 574 305
6 5 1941 6500002 510 69 576 307
6 5 1942 6500002 510 70 577 309
6 5 1943 6500002 511 72 578 314
6 5 1944 6500002 511 72 578 315
6 5 1945 6500002 512 73 580 316
6 5 1946 6500002 512 73 581 315
6 5 1947 6500002 512 72 582 316
6 5 1948 6500002 512 72 582 316
6 5 1949 6500002 512 71 584 316
6 5 1950 6500002 512 71 584 316
6 5 1951 6500002 512 71 585 317
6 5 1952 6500002 512 71 587 323
6 5 1953 6500002 513 72 588 331
6 5 1954 6500002 514 73 588 337
6 5 1955 6500002 514 75 589 336
6 5 1956 6500002 515 77 589 342
6 5 1957 6500002 515 78 589 343
6 5 1958 6500002 515 80 589 349
6 5 1959 6500002 515 80 588 354
6 5 1960 6500002 514 81 588 354
6 5 1961 6500002 513 81 588 354
6 5 1962 6500002 512 80 587 354
6 5 1963 6500002 512 80 588 354
6 5 1964 6500002 512 79 588 354
6 5 1965 6500002 512 78 590 354
6 5 1966 6500002 512 79 591 355
6 5 1967 6500002 513 80 592 359
6 5 1968 6500002 513 80 592 366
6 5 1969 6500002 513 82 592 375
6 5 1970 6500002 515 87 597 377
6 5 1971 6500002 515 88 597 381
6 5 1972 6500002 516 89 601 388
6 5 1973 6500002 517 92 603 394
6 5 1974 6500002 518 93 611 395
6 5 1975 6500002 519 92 607 396
6 5 1976 6500002 520 91 608 396
6 5 1977 6500002 520 91 608 396
6 5 1978 6500002 520 90 610 395
6 5 1979 6500002 520 90 615 395
6 5 1980 6500002 521 90 618 396
6 5 1981 6500002 522 89 617 400
6 5 1982 6500002 522 90 616 411
6 5 1983 6500002 523 93 618 421
6 5 1984 6500002 524 93 619 427
6 5 1985 6500002 525 95 620 431
6 5 1986 6500002 526 98 622 433
6 5 1987 6500002 527 100 623 439
6 5 1988 6500002 527 102 623 447
6 5 1989 6500002 527 103 623 450
6 5 1990 6500002 527 103 623 451
6 5 1991 6500002 527 102 623 452
6 5 1992 6500002 525 103 624 452
6 5 1993 6500002 525 103 625 452
6 5 1994 6500002 525 102 627 452
6 5 1995 6500002 525 101 627 452
6 5 1996 6500002 525 100 627 452
6 5 1997 6500002 524 101 627 453
6 5 1998 6500002 524 101 627 459
6 5 1999 6500002 524 103 628 471
6 5 2000 6500002 525 105 629 483
6 5 2001 6500002 525 108 632 488
6 5 2002 6500002 527 110 635 492
6 5 2003 6500002 529 113 635 497
6 5 2004 6500002 530 115 635 505
6 5 2005 6500002 532 117 638 513
6 5 2006 6500002 533 119 639 515
6 5 2007 6500002 535 119 641 515
6 5 2008 6500002 537 119 644 515
6 5 2009 6500002 538 120 647 516
6 5 2010 6500002 538 120 649 516
6 5 2011 6500002 538 120 652 516
6 5 2012 6500002 538 120 657 517
6 5 2013 6500002 538 121 659 517
6 5 2014 6500002 538 120 661 518
6 5 2015 6500002 538 122 660 532
6 5 2016 6500002 536 123 661 548
6 5 2017 6500002 535 124 662 560
6 5 2018 6500002 533 127 662 570
6 5 2019 6500002 532 128 661 573
6 5 2020 6500002 531 130 661 574
6 5 2021 6500002 530 132 658 574
6 5 2022 6500002 528 132 654 574
6 5 2023 6500002 525 133 650 575
6 5 2024 6500002 524 135 648 575
6 5 2025 6500002 522 137 646 575
6 5 2026 6500002 522 137 646 575
6 5 2027 6500002 521 137 642 576
6 5 2028 6500002 519 136 640 576
6 5 2029 6500002 518 137 638 576
6 5 2030 6500002 517 138 635 576
6 5 2031 6500002 515 138 633 591
6 5 2032 6500002 515 138 632 608
6 5 2033 6500002 512 139 630 623
6 5 2034 6500002 511 141 628 632
6 5 2035 6500002 510 142 626 639
6 5 2036 6500002 503 148 618 642
6 5 2037 6500002 497 150 615 643
6 5 2038 6500002 496 150 610 643
6 5 2039 6500002 496 153 605 643
6 5 2040 6500002 496 155 598 643
6 5 2041 6500002 495 156 597 643
6 5 2044 6500002 495 160 597 643
6 5 2045 6500002 497 168 597 643
6 5 2048 6500002 502 237 595 643
6 5 2049 6500002 503 249 594 644
6 5 2050 6500002 507 268 593 644
6 5 2051 6500002 512 352 593 644
6 5 2052 6500002 513 454 590 644
6 5 2053 6500002 516 496 585 644
6 5 2054 6500002 521 546 565 644
6 5 2055 6500002 522 561 552 642
6 5 91 6500003 510 41 544 162
6 5 92 6500003 509 43 544 162
6 5 1852 6500005 418 82 445 208
6 5 1853 6500005 418 82 445 210
6 5 1854 6500005 418 82 445 210
6 5 1855 6500005 418 82 445 210
6 5 1856 6500005 418 82 445 210
6 5 1857 6500005 418 82 445 211
6 5 1858 6500005 417 82 445 211
6 5 1859 6500005 417 82 445 210
6 5 1860 6500005 416 81 445 212
6 5 1861 6500005 416 83 445 212
6 5 1862 6500005 415 82 444 214
6 5 1863 6500005 415 84 444 213
6 5 1864 6500005 413 87 444 206
6 5 1865 6500005 413 85 444 215
6 5 1866 6500005 412 86 444 216
6 5 1867 6500005 411 85 444 216
6 5 1868 6500005 411 85 444 216
6 5 1869 6500005 410 86 444 218
6 5 1870 6500005 406 87 444 218
6 5 1871 6500005 408 87 444 216
6 5 1872 6500005 408 88 443 221
6 5 1873 6500005 406 89 443 220
6 5 1874 6500005 406 91 444 221
6 5 1875 6500005 406 92 443 222
6 5 1876 6500005 406 92 443 222
6 5 1877 6500005 403 92 444 223
6 5 1878 6500005 404 92 445 227
6 5 1879 6500005 401 92 444 229
6 5 1880 6500005 403 91 444 230
6 5 1881 6500005 403 91 444 230
6 5 1882 6500005 400 91 443 231
6 5 1883 6500005 403 92 443 232
6 5 1884 6500005 396 92 443 232
6 5 1885 6500005 396 92 443 232
6 5 1886 6500005 397 92 443 232
6 5 1887 6500005 397 92 443 233
6 5 1888 6500005 397 92 443 233
6 5 1889 6500005 397 91 443 233
6 5 1890 6500005 399 91 443 233
6 5 1891 6500005 402 90 443 233
6 5 1892 6500005 401 90 442 235
6 5 1893 6500005 399 91 443 236
6 5 1894 6500005 400 92 442 238
6 5 1895 6500005 399 92 442 240
6 5 1896 6500005 399 93 442 243
6 5 1897 6500005 398 93 443 242
6 5 1898 6500005 398 95 442 243
6 5 1899 6500005 398 95 442 245
6 5 1900 6500005 396 97 442 246
6 5 1901 6500005 396 98 442 246
6 5 1902 6500005 397 98 443 246
6 5 1903 6500005 397 98 444 246
6 5 1904 6500005 397 98 443 246
6 5 1905 6500005 397 97 445 246
6 5 1906 6500005 397 95 443 247
6 5 1907 6500005 396 95 442 247
6 5 1908 6500005 395 95 442 247
6 5 1909 6500005 395 95 443 252
6 5 1910 6500005 394 97 442 255
6 5 1911 6500005 395 98 442 257
6 5 1912 6500005 395 99 441 259
6 5 1913 6500005 396 99 441 259
6 5 1914 6500005 395 99 440 260
6 5 1915 6500005 396 102 439 260
6 5 1916 6500005 395 102 439 260
6 5 1917 6500005 396 108 438 260
6 5 1918 6500005 395 108 437 262
6 5 1919 6500005 394 108 436 268
6 5 1920 6500005 392 108 434 280
6 5 1921 6500005 391 107 434 276
6 5 1922 6500005 391 108 434 272
6 5 1923 6500005 391 108 433 276
6 5 1924 6500005 391 109 433 275
6 5 1925 6500005 390 109 432 280
6 5 1926 6500005 390 109 433 279
6 5 1927 6500005 389 109 432 278
6 5 1928 6500005 389 110 432 280
6 5 1929 6500005 389 110 432 280
6 5 1930 6500005 389 112 433 284
6 5 1931 6500005 389 113 433 286
6 5 1932 6500005 389 114 434 293
6 5 1933 6500005 388 115 433 297
6 5 1934 6500005 389 117 433 296
6 5 1935 6500005 389 117 433 297
6 5 1936 6500005 388 117 434 299
6 5 1937 6500005 388 117 432 299
6 5 1938 6500005 388 117 432 299
6 5 1939 6500005 388 117 433 297
6 5 1940 6500005 388 116 432 297
6 5 1941 6500005 388 116 432 297
6 5 1942 6500005 387 116 433 299
6 5 1943 6500005 387 116 434 301
6 5 1944 6500005 387 116 432 300
6 5 1945 6500005 387 116 429 299
6 5 1946 6500005 386 116 433 299
6 5 1947 6500005 386 118 434 299
6 5 1948 6500005 385 119 434 299
6 5 1949 6500005 386 121 435 299
6 5 1950 6500005 385 122 434 298
6 5 1951 6500005 419 99 448 265
6 5 1952 6500005 418 95 448 267
6 5 1953 6500005 416 100 448 261
6 5 1954 6500005 415 95 448 262
6 5 1955 6500005 414 100 449 263
6 5 1956 6500005 414 109 449 265
6 5 1957 6500005 414 105 449 268
6 5 1958 6500005 414 114 449 271
6 5 1959 6500005 415 110 449 274
6 5 1960 6500005 415 103 450 287
6 5 1961 6500005 415 101 450 290
6 5 1962 6500005 415 100 450 292
6 5 1963 6500005 414 99 450 294
6 5 1964 6500005 413 93 451 299
6 5 1965 6500005 412 88 455 347
6 5 1966 6500005 411 90 456 361
6 5 1967 6500005 410 91 456 368
6 5 1968 6500005 408 92 456 377
6 5 1969 6500005 408 99 457 387
6 5 1970 6500005 406 99 454 388
6 5 1971 6500005 405 96 455 392
6 5 1972 6500005 403 96 455 403
6 5 1973 6500005 401 96 458 407
6 5 1974 6500005 399 97 458 408
6 5 1975 6500005 398 98 457 408
6 5 1976 6500005 398 100 456 408
6 5 1977 6500005 398 100 456 408
6 5 1978 6500005 397 98 457 408
6 5 1979 6500005 396 99 457 408
6 5 1980 6500005 396 100 459 408
6 5 1981 6500005 396 100 457 409
6 5 1982 6500005 394 102 455 412
6 5 1983 6500005 394 104 454 421
6 5 1984 6500005 394 106 458 441
6 5 1985 6500005 394 108 455 425
6 5 1986 6500005 394 112 462 443
6 5 1987 6500005 394 113 460 448
6 5 1988 6500005 394 114 460 452
6 5 1989 6500005 394 115 462 464
6 5 1990 6500005 394 115 461 464
6 5 1991 6500005 394 115 463 465
6 5 1992 6500005 393 115 462 465
6 5 1993 6500005 394 114 462 465
6 5 1994 6500005 392 113 463 465
6 5 1995 6500005 392 113 463 465
6 5 1996 6500005 391 112 462 465
6 5 1997 6500005 391 114 461 465
6 5 1998 6500005 391 116 462 466
6 5 1999 6500005 391 118 461 467
6 5 2000 6500005 390 120 462 467
6 5 2001 6500005 392 122 463 466
6 5 2002 6500005 391 125 463 466
6 5 2003 6500005 390 128 463 466
6 5 2004 6500005 387 129 462 466
6 5 2005 6500005 388 133 461 465
6 5 2006 6500005 395 137 458 465
6 5 2013 6500005 388 140 459 512
6 5 2014 6500005 386 138 460 527
6 5 2015 6500005 386 139 459 544
6 5 2016 6500005 386 140 458 558
6 5 2017 6500005 388 140 458 574
6 5 2018 6500005 388 142 459 580
6 5 2019 6500005 388 142 458 585
6 5 2030 6500005 395 149 466 586
6 5 2031 6500005 395 148 466 586
6 5 2032 6500005 395 148 467 587
6 5 2033 6500005 396 148 469 586
6 5 2034 6500005 396 150 478 633
6 5 2035 6500005 396 152 467 606
6 5 2038 6500005 400 151 483 644
6 5 2039 6500005 401 164 483 645
6 5 2041 6500005 412 156 597 642
6 5 2042 6500005 418 156 598 641
6 5 2043 6500005 423 159 597 642
6 5 2044 6500005 429 160 596 643
6 5 2045 6500005 440 165 596 645
6 5 2046 6500005 440 179 596 645
6 5 2047 6500005 471 228 595 644
6 5 2048 6500005 454 238 595 644
6 5 2061 6500005 406 279 464 488
6 5 2062 6500005 405 279 464 488
6 5 2063 6500005 405 278 464 489
6 5 2066 6500005 408 268 464 499
6 5 2068 6500005 400 251 462 523
6 5 2069 6500005 400 250 462 518
6 5 2070 6500005 399 247 462 529
6 5 2072 6500005 401 248 462 530
6 5 2073 6500005 403 248 464 540
6 5 2074 6500005 403 248 464 540
6 5 2076 6500005 400 250 470 592
6 5 2077 6500005 400 251 470 591
6 5 2078 6500005 399 251 477 602
6 5 2079 6500005 400 252 473 588
6 5 2080 6500005 400 252 474 590
6 5 2081 6500005 399 253 474 585
6 5 2083 6500005 400 255 471 546
6 5 2084 6500005 405 257 470 550
6 5 2085 6500005 405 258 474 555
6 5 2086 6500005 408 298 467 555
6 5 2087 6500005 411 285 468 555
6 5 2088 6500005 412 259 468 556
6 5 2089 6500005 419 258 469 561
6 5 1962 6500007 393 133 416 314
