0 4 2 400001 808 111 950 499
0 4 3 400001 808 111 950 499
0 4 4 400001 800 112 946 507
0 4 5 400001 800 112 946 507
0 4 6 400001 802 113 940 508
0 4 7 400001 802 113 940 508
0 4 8 400001 801 108 938 507
0 4 9 400001 801 108 938 507
0 4 10 400001 803 107 938 508
0 4 11 400001 803 107 938 508
0 4 12 400001 805 105 922 508
0 4 13 400001 805 105 922 508
0 4 14 400001 799 102 896 507
0 4 15 400001 799 102 896 507
0 4 16 400001 784 103 874 502
0 4 17 400001 784 103 874 502
0 4 18 400001 783 105 863 510
0 4 19 400001 783 105 863 510
0 4 20 400001 781 107 852 507
0 4 21 400001 781 107 852 507
0 4 22 400001 778 110 846 506
0 4 23 400001 779 110 846 506
0 4 24 400001 781 119 845 504
0 4 25 400001 781 119 845 504
0 4 26 400001 781 151 844 499
0 4 27 400001 781 151 844 499
0 4 28 400001 782 164 840 498
0 4 29 400001 782 164 840 498
0 4 154 400001 853 108 949 506
0 4 155 400001 853 108 949 506
0 4 156 400001 850 110 950 510
0 4 157 400001 850 110 950 510
0 4 158 400001 849 110 950 514
0 4 159 400001 849 110 950 515
0 4 160 400001 849 110 950 515
0 4 161 400001 849 109 948 515
0 4 162 400001 850 109 948 515
0 4 163 400001 849 107 938 515
0 4 164 400001 849 107 938 515
0 4 165 400001 839 105 929 515
0 4 166 400001 839 105 929 515
0 4 167 400001 813 103 920 513
0 4 168 400001 812 103 920 514
0 4 169 400001 784 104 910 514
0 4 170 400001 784 104 910 514
0 4 171 400001 782 106 903 515
0 4 172 400001 782 106 903 515
0 4 173 400001 783 108 902 516
0 4 174 400001 783 108 902 516
0 4 175 400001 782 108 901 515
0 4 176 400001 782 108 900 515
0 4 177 400001 783 107 888 515
0 4 178 400001 783 107 888 515
0 4 179 400001 780 107 860 517
0 4 180 400001 780 106 860 517
0 4 181 400001 780 107 856 528
0 4 182 400001 780 107 856 527
0 4 183 400001 780 107 856 501
0 4 184 400001 780 107 856 501
0 4 185 400001 780 110 859 502
0 4 186 400001 780 110 859 502
0 4 187 400001 780 115 857 502
0 4 188 400001 780 115 857 502
0 4 189 400001 782 165 850 502
0 4 190 400001 782 164 850 502
0 4 191 400001 782 171 839 499
0 4 192 400001 782 171 839 499
0 4 193 400001 781 179 825 487
0 4 194 400001 781 179 825 487
0 4 863 400001 783 243 844 523
0 4 864 400001 783 243 844 522
0 4 865 400001 782 221 863 526
0 4 866 400001 782 221 863 526
0 4 867 400001 781 110 863 534
0 4 868 400001 782 110 863 534
0 4 869 400001 781 110 864 537
0 4 870 400001 781 110 864 537
0 4 871 400001 783 108 863 539
0 4 872 400001 783 108 863 539
0 4 873 400001 783 106 862 539
0 4 874 400001 783 106 862 539
0 4 875 400001 783 105 868 540
0 4 876 400001 783 105 868 539
0 4 877 400001 793 104 888 538
0 4 878 400001 793 104 888 538
0 4 879 400001 804 106 904 540
0 4 880 400001 804 106 904 540
0 4 881 400001 815 107 916 541
0 4 882 400001 815 107 916 541
0 4 883 400001 818 111 927 541
0 4 884 400001 818 111 927 541
0 4 885 400001 818 114 939 541
0 4 886 400001 818 114 939 541
0 4 887 400001 818 113 942 542
0 4 888 400001 818 114 942 542
0 4 889 400001 820 114 947 541
0 4 890 400001 820 114 947 541
0 4 891 400001 826 110 951 540
0 4 892 400001 826 110 951 540
0 4 893 400001 841 109 951 510
0 4 894 400001 841 109 951 510
0 4 895 400001 907 112 950 440
0 4 896 400001 907 112 950 441
0 4 897 400001 917 173 951 404
0 4 898 400001 917 173 951 404
0 4 899 400001 928 181 951 398
0 4 900 400001 928 181 951 402
0 4 1352 400001 895 297 948 506
0 4 1353 400001 895 297 948 506
0 4 1354 400001 896 128 951 505
0 4 1355 400001 896 128 951 505
0 4 1356 400001 896 127 951 505
0 4 1357 400001 896 127 951 505
0 4 1358 400001 878 127 951 504
0 4 1359 400001 878 127 951 504
0 4 1360 400001 854 125 950 505
0 4 1361 400001 854 125 951 505
0 4 1362 400001 831 124 951 505
0 4 1363 400001 831 124 951 505
0 4 1364 400001 810 125 951 504
0 4 1365 400001 810 125 951 504
0 4 1366 400001 793 127 950 571
0 4 1367 400001 793 127 950 571
0 4 1368 400001 785 131 949 572
0 4 1369 400001 785 131 949 572
0 4 1370 400001 786 131 947 572
0 4 1371 400001 786 131 947 572
0 4 1372 400001 786 133 931 571
0 4 1373 400001 786 133 931 571
0 4 1374 400001 784 133 921 572
0 4 1375 400001 784 133 921 572
0 4 1376 400001 784 132 916 572
0 4 1377 400001 784 132 916 572
0 4 1378 400001 782 132 912 571
0 4 1379 400001 782 132 912 571
0 4 1380 400001 784 132 908 571
0 4 1381 400001 784 132 908 571
0 4 1382 400001 782 133 905 572
0 4 1383 400001 782 133 905 572
0 4 1384 400001 782 134 900 580
0 4 1385 400001 782 134 900 580
0 4 1386 400001 781 135 894 581
0 4 1387 400001 781 135 894 581
0 4 1388 400001 781 134 889 581
0 4 1389 400001 781 134 889 581
0 4 1390 400001 781 133 887 580
0 4 1391 400001 781 133 887 581
0 4 1392 400001 781 133 892 580
0 4 1393 400001 781 133 892 580
0 4 1394 400001 781 134 905 581
0 4 1395 400001 781 134 905 581
0 4 1396 400001 782 135 908 581
0 4 1397 400001 782 135 908 581
0 4 1398 400001 781 136 907 580
0 4 1399 400001 781 136 907 580
0 4 1400 400001 782 137 899 580
0 4 1401 400001 782 137 899 580
0 4 1402 400001 781 138 888 580
0 4 1403 400001 781 138 888 580
0 4 1404 400001 781 140 878 579
0 4 1405 400001 781 140 878 579
0 4 1406 400001 780 141 874 576
0 4 1407 400001 780 141 874 576
0 4 1408 400001 780 141 871 571
0 4 1409 400001 780 141 871 571
0 4 1410 400001 778 140 869 570
0 4 1411 400001 778 140 869 570
0 4 1412 400001 778 140 867 572
0 4 1413 400001 778 139 867 571
0 4 1414 400001 776 138 866 571
0 4 1415 400001 776 138 866 571
0 4 1416 400001 775 135 865 571
0 4 1417 400001 775 135 865 571
0 4 1418 400001 775 133 865 571
0 4 1419 400001 775 133 865 571
0 4 1420 400001 773 132 865 572
0 4 1421 400001 773 132 865 572
0 4 1422 400001 771 130 865 572
0 4 1423 400001 771 130 865 572
0 4 1424 400001 767 129 864 571
0 4 1425 400001 767 129 864 571
0 4 1426 400001 767 129 862 571
0 4 1427 400001 768 129 862 571
0 4 1428 400001 769 131 862 571
0 4 1429 400001 769 131 862 571
0 4 1430 400001 769 132 860 570
0 4 1431 400001 769 132 860 570
0 4 1432 400001 769 131 855 572
0 4 1433 400001 769 129 847 572
0 4 1434 400001 769 129 847 572
0 4 1435 400001 772 128 838 571
0 4 1436 400001 772 128 838 571
0 4 1437 400001 775 127 833 562
0 4 1438 400001 775 127 833 563
0 4 1439 400001 776 126 834 538
0 4 1440 400001 774 126 834 531
0 4 1441 400001 775 127 833 529
0 4 1442 400001 775 127 833 529
0 4 1443 400001 773 198 832 529
0 4 1444 400001 773 198 832 529
0 4 1445 400001 780 219 832 529
0 4 1446 400001 780 219 832 529
0 4 1447 400001 782 279 832 529
0 4 1448 400001 782 279 832 529
0 4 1449 400001 784 331 831 529
0 4 1450 400001 784 331 831 529
0 4 1051 400005 782 112 843 517
0 4 1052 400005 782 112 843 517
0 4 1053 400005 779 106 846 517
0 4 1054 400005 779 106 846 517
0 4 1055 400005 781 104 846 517
0 4 1056 400005 781 104 846 517
0 4 1057 400005 782 103 846 517
0 4 1058 400005 782 103 846 517
0 4 1059 400005 782 101 866 517
0 4 1060 400005 782 101 866 517
0 4 1061 400005 784 101 880 517
0 4 1062 400005 784 101 880 517
0 4 1063 400005 787 102 913 517
0 4 1064 400005 787 102 913 517
0 4 1065 400005 788 104 935 517
0 4 1066 400005 788 104 935 517
0 4 1067 400005 790 107 934 517
0 4 1068 400005 791 107 933 517
0 4 1069 400005 795 108 933 518
0 4 1070 400005 795 108 934 518
0 4 1071 400005 808 106 933 517
0 4 1072 400005 808 106 933 517
0 4 1073 400005 832 105 935 516
0 4 1074 400005 832 105 935 516
0 4 1075 400005 859 104 945 505
0 4 1076 400005 859 104 946 504
0 4 1077 400005 884 104 950 502
0 4 1078 400005 884 104 950 502
0 4 1079 400005 886 105 951 502
0 4 1080 400005 886 104 951 503
0 4 1081 400005 887 106 950 503
0 4 1082 400005 887 106 950 503
0 4 1083 400005 889 114 950 504
0 4 1084 400005 888 114 950 503
0 4 1085 400005 888 173 949 503
0 4 1086 400005 888 173 949 503
0 4 1114 400005 912 92 950 465
0 4 1115 400005 912 92 950 465
0 4 1116 400005 891 92 949 507
0 4 1117 400005 891 92 949 507
0 4 1118 400005 877 93 950 501
0 4 1119 400005 877 93 950 501
0 4 1120 400005 808 96 951 548
0 4 1121 400005 808 96 951 548
0 4 1122 400005 796 98 947 548
0 4 1123 400005 796 98 947 548
0 4 1124 400005 793 98 940 546
0 4 1125 400005 793 98 940 546
0 4 1126 400005 793 94 936 547
0 4 1127 400005 792 94 936 547
0 4 1128 400005 794 92 920 546
0 4 1129 400005 794 92 920 546
0 4 1130 400005 790 89 894 546
0 4 1131 400005 790 89 894 546
0 4 1132 400005 780 91 867 546
0 4 1133 400005 779 90 867 547
0 4 1134 400005 778 91 857 545
0 4 1135 400005 778 91 857 545
0 4 1136 400005 779 95 850 545
0 4 1137 400005 779 95 850 545
0 4 1138 400005 782 124 849 544
0 4 1139 400005 782 125 849 544
0 4 1140 400005 781 167 845 545
0 4 1141 400005 781 167 845 545
0 4 1142 400005 783 199 832 541
0 4 1143 400005 783 199 832 541
0 4 1475 400006 885 127 949 435
0 4 1476 400006 885 127 949 435
0 4 1477 400006 883 125 949 443
0 4 1478 400006 883 125 949 443
0 4 1479 400006 873 124 950 502
0 4 1480 400006 873 124 951 502
0 4 1481 400006 847 122 944 509
0 4 1482 400006 847 122 944 509
0 4 1483 400006 813 125 938 508
0 4 1484 400006 813 125 938 508
0 4 1485 400006 788 127 938 508
0 4 1486 400006 788 127 938 508
0 4 1487 400006 782 127 935 508
0 4 1488 400006 782 127 935 508
0 4 1489 400006 783 125 926 507
0 4 1490 400006 783 124 926 506
0 4 1491 400006 782 123 909 506
0 4 1492 400006 782 123 909 506
0 4 1493 400006 783 120 877 515
0 4 1494 400006 783 120 877 515
0 4 1495 400006 780 119 842 512
0 4 1496 400006 780 118 842 512
0 4 1497 400006 780 118 832 505
0 4 1498 400006 780 118 832 505
0 4 1499 400006 781 122 831 503
0 4 1500 400006 781 123 831 503
0 4 1501 400006 782 184 829 503
0 4 1502 400006 782 184 829 503
0 4 1522 400006 876 140 949 504
0 4 1523 400006 853 139 950 506
0 4 1524 400006 853 139 950 507
0 4 1525 400006 835 142 950 503
0 4 1526 400006 835 142 950 503
0 4 1527 400006 820 147 950 505
0 4 1528 400006 820 147 950 505
0 4 1529 400006 813 149 951 503
0 4 1530 400006 813 149 951 503
0 4 1531 400006 809 150 950 499
0 4 1532 400006 809 150 950 499
0 4 1533 400006 807 149 950 501
0 4 1534 400006 807 149 950 501
0 4 1535 400006 803 150 950 502
0 4 1536 400006 803 150 950 501
0 4 1537 400006 795 151 950 505
0 4 1538 400006 795 151 950 505
0 4 1539 400006 790 153 949 531
0 4 1540 400006 790 153 949 531
0 4 1541 400006 785 154 947 632
0 4 1542 400006 785 154 947 632
0 4 1543 400006 776 156 942 651
0 4 1544 400006 776 156 942 651
0 4 1545 400006 760 161 936 661
0 4 1546 400006 760 161 936 661
0 4 1547 400006 753 166 929 671
0 4 1548 400006 754 166 929 670
0 4 1549 400006 745 171 920 692
0 4 1550 400006 745 171 920 692
0 4 1551 400006 733 174 912 696
0 4 1552 400006 733 174 912 696
0 4 1553 400006 721 177 903 697
0 4 1554 400006 721 177 903 697
0 4 1555 400006 709 179 899 698
0 4 1556 400006 709 179 899 698
0 4 1557 400006 698 178 912 702
0 4 1558 400006 698 178 912 702
0 4 1559 400006 687 179 926 704
0 4 1560 400006 687 179 926 704
0 4 1561 400006 675 180 939 707
0 4 1562 400006 675 180 939 707
0 4 1563 400006 663 186 942 710
0 4 1564 400006 663 186 942 710
0 4 1565 400006 653 190 949 710
0 4 1566 400006 653 190 949 710
0 4 1567 400006 645 194 955 710
0 4 1568 400006 645 195 955 710
0 4 1569 400006 639 195 955 711
0 4 1570 400006 639 195 955 711
0 4 1571 400006 627 196 954 711
0 4 1572 400006 626 196 953 711
0 4 1573 400006 620 197 951 710
0 4 1574 400006 620 197 951 710
0 4 1575 400006 612 198 946 711
0 4 1576 400006 612 198 945 711
0 4 1577 400006 601 200 933 712
0 4 1578 400006 601 200 933 712
0 4 1579 400006 586 204 928 712
0 4 1580 400006 586 204 928 712
0 4 1581 400006 570 209 916 712
0 4 1582 400006 569 209 916 712
0 4 1583 400006 551 212 901 713
0 4 1584 400006 551 212 901 712
0 4 1585 400006 530 218 887 713
0 4 1586 400006 530 218 887 713
0 4 1587 400006 507 223 868 712
0 4 1588 400006 507 223 868 712
0 4 1589 400006 485 225 850 712
0 4 1590 400006 485 225 850 712
0 4 1591 400006 463 228 831 710
0 4 1592 400006 463 228 831 711
0 4 1593 400006 446 228 815 712
0 4 1594 400006 446 228 815 712
0 4 1595 400006 434 231 800 711
0 4 1596 400006 434 231 800 711
0 4 1597 400006 422 231 787 710
0 4 1598 400006 423 231 787 710
0 4 1599 400006 418 234 776 712
0 4 1600 400006 418 234 776 712
0 4 1601 400006 412 237 760 711
0 4 1602 400006 411 237 760 711
0 4 1603 400006 407 241 749 712
0 4 1604 400006 407 241 749 712
0 4 1605 400006 406 244 734 713
0 4 1606 400006 406 244 734 713
0 4 1607 400006 401 248 713 711
0 4 1608 400006 402 248 712 712
0 4 1609 400006 395 250 690 711
0 4 1610 400006 395 250 690 711
0 4 1611 400006 384 250 665 712
0 4 1612 400006 384 250 665 712
0 4 1613 400006 370 249 639 711
0 4 1614 400006 370 249 639 711
0 4 1615 400006 360 248 606 712
0 4 1616 400006 360 248 606 712
0 4 1617 400006 350 248 572 714
0 4 1618 400006 350 248 572 714
0 4 1619 400006 342 249 529 711
0 4 1620 400006 342 249 528 711
0 4 1621 400006 336 248 510 687
0 4 1622 400006 336 248 510 686
0 4 1623 400006 322 251 502 711
0 4 1624 400006 329 250 502 705
0 4 1625 400006 325 253 494 698
0 4 1626 400006 325 253 494 699
0 4 1627 400006 297 253 486 711
0 4 1628 400006 299 253 486 710
0 4 1629 400006 262 253 477 712
0 4 1630 400006 262 253 477 712
0 4 1631 400006 239 251 469 712
0 4 1632 400006 240 252 469 712
0 4 1633 400006 221 249 462 712
0 4 1634 400006 221 249 462 712
0 4 1635 400006 210 248 453 713
0 4 1636 400006 210 248 453 713
0 4 1637 400006 197 247 447 713
0 4 1638 400006 197 247 447 713
0 4 1639 400006 183 245 440 713
0 4 1640 400006 183 245 440 713
0 4 1641 400006 175 243 433 712
0 4 1642 400006 175 243 433 712
0 4 1643 400006 167 242 433 713
0 4 1644 400006 168 242 433 712
0 4 1645 400006 161 241 432 713
0 4 1646 400006 161 241 432 713
0 4 1647 400006 158 241 424 713
0 4 1648 400006 158 241 424 713
0 4 1649 400006 154 242 421 713
0 4 1650 400006 154 242 421 713
0 4 1651 400006 151 243 419 712
0 4 1652 400006 151 243 418 712
0 4 1653 400006 146 243 417 714
0 4 1654 400006 146 243 417 714
0 4 1655 400006 145 245 410 712
0 4 1656 400006 146 244 410 712
0 4 1657 400006 141 243 402 713
0 4 1658 400006 141 243 401 713
0 4 1659 400006 137 243 395 713
0 4 1660 400006 137 243 395 713
0 4 1661 400006 137 240 386 713
0 4 1662 400006 137 240 386 713
0 4 1663 400006 148 240 379 713
0 4 1664 400006 148 240 380 713
0 4 1665 400006 150 240 369 713
0 4 1666 400006 150 240 369 713
0 4 1667 400006 146 239 373 713
0 4 1668 400006 146 238 373 715
0 4 1669 400006 139 238 379 713
0 4 1670 400006 139 238 379 713
0 4 1671 400006 134 239 383 715
0 4 1672 400006 134 239 383 715
0 4 1673 400006 128 238 385 712
0 4 1674 400006 128 238 385 712
0 4 1675 400006 127 234 388 712
0 4 1676 400006 127 234 388 712
0 4 1677 400006 126 230 387 714
0 4 1678 400006 126 230 387 714
0 4 1679 400006 127 224 384 710
0 4 1680 400006 127 224 384 710
0 4 1681 400006 126 220 382 702
0 4 1682 400006 126 220 382 702
0 4 1683 400006 124 214 378 699
0 4 1684 400006 124 214 377 699
0 4 1685 400006 123 209 371 697
0 4 1686 400006 123 209 370 697
0 4 1687 400006 124 207 368 692
0 4 1688 400006 124 207 368 692
0 4 1689 400006 126 206 365 692
0 4 1690 400006 126 206 365 692
0 4 1691 400006 129 207 365 690
0 4 1692 400006 130 206 365 689
0 4 1693 400006 141 208 365 687
0 4 1694 400006 140 209 365 687
0 4 1695 400006 139 211 366 685
0 4 1696 400006 140 211 366 685
0 4 1697 400006 134 215 367 683
0 4 1698 400006 133 215 367 683
0 4 1699 400006 131 219 366 683
0 4 1700 400006 131 219 366 683
0 4 1701 400006 134 224 365 680
0 4 1702 400006 134 224 365 680
0 4 1703 400006 130 224 364 678
0 4 1704 400006 134 225 364 678
0 4 1705 400006 140 223 361 673
0 4 1706 400006 140 223 361 673
0 4 1707 400006 138 224 362 670
0 4 1708 400006 139 224 362 670
0 4 1709 400006 138 226 360 667
0 4 1710 400006 138 226 360 667
0 4 1711 400006 139 229 359 667
0 4 1712 400006 139 229 359 667
0 4 1713 400006 138 234 358 668
0 4 1714 400006 138 234 358 668
0 4 1715 400006 145 239 357 669
0 4 1716 400006 144 240 357 669
0 4 1717 400006 165 247 356 668
0 4 1718 400006 165 247 356 668
0 4 1719 400006 187 254 356 668
0 4 1720 400006 187 254 356 668
0 4 1721 400006 198 263 358 669
0 4 1722 400006 197 262 358 669
0 4 1723 400006 207 272 359 669
0 4 1724 400006 207 272 359 669
0 4 1725 400006 218 281 360 669
0 4 1726 400006 218 281 360 669
0 4 1727 400006 217 292 361 669
0 4 1728 400006 217 292 361 669
0 4 1729 400006 217 301 362 668
0 4 1730 400006 217 301 362 668
0 4 1731 400006 217 311 365 667
0 4 1732 400006 217 311 365 667
0 4 1733 400006 213 321 367 667
0 4 1734 400006 213 322 367 667
0 4 1735 400006 208 326 367 667
0 4 1736 400006 208 327 367 667
0 4 1737 400006 204 325 366 667
0 4 1738 400006 204 325 366 668
0 4 1739 400006 200 327 363 667
0 4 1740 400006 200 327 363 668
0 4 1741 400006 196 329 362 666
0 4 1742 400006 196 329 362 666
0 4 1743 400006 193 331 361 665
0 4 1744 400006 193 331 361 665
0 4 1745 400006 190 332 360 664
0 4 1746 400006 190 332 360 664
0 4 1747 400006 190 332 361 663
0 4 1748 400006 190 333 361 662
0 4 1749 400006 190 332 364 661
0 4 1750 400006 190 332 364 661
0 4 1751 400006 190 331 367 661
0 4 1752 400006 192 331 376 660
0 4 1753 400006 192 331 376 660
0 4 1754 400006 194 329 388 658
0 4 1755 400006 194 329 388 658
0 4 1756 400006 199 327 400 654
0 4 1757 400006 199 327 400 654
0 4 1758 400006 203 327 409 648
0 4 1759 400006 203 327 409 648
0 4 1760 400006 206 325 414 643
0 4 1761 400006 206 325 414 643
0 4 1762 400006 210 324 415 639
0 4 1763 400006 209 324 415 639
0 4 1764 400006 214 322 418 636
0 4 1765 400006 214 322 418 636
0 4 1766 400006 216 322 416 635
0 4 1767 400006 216 322 416 635
0 4 1768 400006 218 320 417 635
0 4 1769 400006 218 320 417 635
0 4 1770 400006 221 318 417 637
0 4 1771 400006 221 318 417 637
0 4 1772 400006 223 316 417 647
0 4 1773 400006 223 316 417 647
0 4 1774 400006 229 314 417 656
0 4 1775 400006 229 314 417 656
0 4 1776 400006 234 311 423 661
0 4 1777 400006 234 311 423 661
0 4 1778 400006 237 309 426 664
0 4 1779 400006 237 309 426 664
0 4 1780 400006 242 307 430 666
0 4 1781 400006 242 307 430 666
0 4 1782 400006 246 306 433 667
0 4 1783 400006 246 306 433 667
0 4 1784 400006 248 304 438 669
0 4 1785 400006 248 304 438 669
0 4 1786 400006 250 302 442 670
0 4 1787 400006 251 302 442 670
0 4 1788 400006 252 302 443 670
0 4 1789 400006 252 302 443 670
0 4 1790 400006 253 302 444 670
0 4 1791 400006 253 302 444 670
0 4 1792 400006 254 302 439 670
0 4 1793 400006 254 302 439 670
0 4 1794 400006 254 302 429 666
0 4 1795 400006 254 302 429 666
0 4 1796 400006 255 303 421 663
0 4 1797 400006 255 303 421 663
0 4 1798 400006 254 304 414 663
0 4 1799 400006 254 304 414 663
0 4 1800 400006 254 305 400 662
0 4 1801 400006 254 305 400 662
0 4 1802 400006 252 306 400 661
0 4 1803 400006 252 306 400 661
0 4 1804 400006 251 307 400 662
0 4 1805 400006 251 306 400 663
0 4 1806 400006 250 306 400 663
0 4 1807 400006 250 306 400 662
0 4 1808 400006 249 306 400 662
0 4 1809 400006 249 306 400 662
0 4 1810 400006 249 306 400 662
0 4 1811 400006 249 306 400 662
0 4 1812 400006 248 305 400 662
0 4 1813 400006 248 305 400 662
0 4 1814 400006 249 304 400 663
0 4 1815 400006 249 304 400 663
0 4 1816 400006 249 303 400 663
0 4 1817 400006 249 303 400 663
0 4 1818 400006 250 302 400 663
0 4 1819 400006 250 302 400 663
0 4 1820 400006 250 302 401 662
0 4 1821 400006 250 301 401 663
0 4 1822 400006 251 300 401 663
0 4 1823 400006 251 300 401 663
0 4 1824 400006 253 300 400 663
0 4 1825 400006 253 300 400 663
0 4 1826 400006 254 299 402 663
0 4 1827 400006 254 299 402 663
0 4 1828 400006 254 300 402 662
0 4 1829 400006 254 300 402 662
0 4 1830 400006 256 301 403 662
0 4 1831 400006 256 301 403 662
0 4 1832 400006 256 300 409 662
0 4 1833 400006 256 300 409 662
0 4 1834 400006 256 300 421 662
0 4 1835 400006 256 301 421 662
0 4 1836 400006 257 301 433 662
0 4 1837 400006 257 301 433 662
0 4 1838 400006 258 301 443 662
0 4 1839 400006 258 301 443 662
0 4 1840 400006 258 302 452 663
0 4 1841 400006 258 302 452 663
0 4 1842 400006 259 302 462 663
0 4 1843 400006 259 302 462 663
0 4 1844 400006 259 303 464 663
0 4 1845 400006 259 303 464 663
0 4 1846 400006 259 304 465 663
0 4 1847 400006 259 304 465 663
0 4 1848 400006 260 306 466 662
0 4 1849 400006 260 306 466 662
0 4 1850 400006 260 307 466 662
0 4 1851 400006 260 307 466 662
0 4 1852 400006 261 307 465 662
0 4 1853 400006 261 307 466 662
0 4 1854 400006 261 308 466 662
0 4 1855 400006 261 308 466 662
0 4 1856 400006 261 308 465 662
0 4 1857 400006 261 308 465 662
0 4 1858 400006 261 308 465 662
0 4 1859 400006 261 308 465 662
0 4 1860 400006 261 308 466 662
0 4 1861 400006 261 308 466 662
0 4 1862 400006 261 308 466 662
0 4 1863 400006 261 308 466 662
0 4 1864 400006 261 308 466 662
0 4 1865 400006 261 308 466 662
0 4 1866 400006 261 308 464 661
0 4 1867 400006 261 308 464 661
0 4 1868 400006 261 308 463 661
0 4 1869 400006 261 308 463 661
0 4 1870 400006 261 308 463 661
0 4 1871 400006 261 308 463 661
0 4 1872 400006 261 307 463 661
0 4 1873 400006 261 307 463 661
0 4 1874 400006 261 307 464 661
0 4 1875 400006 261 307 464 661
0 4 1876 400006 261 307 464 661
0 4 1877 400006 261 307 464 661
0 4 1878 400006 261 307 465 661
0 4 1879 400006 261 307 465 661
0 4 1880 400006 261 307 468 661
0 4 1881 400006 261 307 468 661
0 4 1882 400006 260 307 468 661
0 4 1883 400006 260 307 468 661
0 4 1884 400006 260 307 472 661
0 4 1885 400006 260 307 472 661
0 4 1886 400006 260 307 475 661
0 4 1887 400006 260 307 475 661
0 4 1888 400006 260 308 477 661
0 4 1889 400006 260 308 477 661
0 4 1890 400006 260 308 478 661
0 4 1891 400006 260 308 478 661
0 4 1892 400006 260 308 481 661
0 4 1893 400006 260 308 481 661
0 4 1894 400006 260 308 479 661
0 4 1895 400006 260 308 479 661
0 4 1896 400006 260 308 478 661
0 4 1897 400006 260 308 478 661
0 4 1898 400006 260 308 474 661
0 4 1899 400006 260 308 474 661
0 4 1900 400006 260 308 468 661
0 4 1901 400006 260 308 468 661
0 4 1902 400006 260 308 463 661
0 4 1903 400006 260 308 463 661
0 4 1904 400006 260 307 456 661
0 4 1905 400006 260 307 456 661
0 4 1906 400006 260 307 453 661
0 4 1907 400006 260 307 453 661
0 4 1908 400006 259 306 448 661
0 4 1909 400006 259 306 448 661
0 4 1910 400006 259 305 446 661
0 4 1911 400006 259 305 446 661
0 4 1912 400006 259 304 445 661
0 4 1913 400006 259 304 444 661
0 4 1914 400006 259 304 448 662
0 4 1915 400006 259 304 449 662
0 4 1916 400006 259 303 442 662
0 4 1917 400006 259 303 442 662
0 4 1918 400006 258 303 443 661
0 4 1919 400006 258 303 443 661
0 4 1920 400006 258 303 443 661
0 4 1921 400006 258 303 443 661
0 4 1922 400006 258 303 446 661
0 4 1923 400006 258 303 446 661
0 4 1924 400006 258 303 445 661
0 4 1925 400006 258 303 445 661
0 4 1926 400006 258 303 446 661
0 4 1927 400006 258 303 446 661
0 4 1928 400006 258 303 447 661
0 4 1929 400006 258 303 447 661
0 4 1930 400006 258 303 445 661
0 4 1931 400006 258 303 445 661
0 4 1932 400006 258 303 442 661
0 4 1933 400006 258 303 442 661
0 4 1934 400006 258 303 434 662
0 4 1935 400006 258 303 434 661
0 4 1936 400006 258 303 427 661
0 4 1937 400006 258 303 427 661
0 4 1938 400006 258 303 426 662
0 4 1939 400006 258 303 426 662
0 4 1940 400006 258 303 426 662
0 4 1941 400006 258 303 426 662
0 4 1942 400006 258 303 426 662
0 4 1943 400006 258 303 426 662
0 4 1944 400006 258 302 426 662
0 4 1945 400006 258 302 426 662
0 4 1946 400006 258 302 427 662
0 4 1947 400006 258 302 427 662
0 4 1948 400006 258 302 427 662
0 4 1949 400006 258 302 427 662
0 4 1950 400006 258 302 427 662
0 4 1951 400006 258 302 427 662
0 4 1952 400006 258 303 427 662
0 4 1953 400006 258 303 427 662
0 4 1954 400006 258 302 427 662
0 4 1955 400006 258 302 427 662
0 4 1956 400006 259 302 427 662
0 4 1957 400006 259 302 427 662
0 4 1958 400006 258 302 427 662
0 4 1959 400006 258 302 427 662
0 4 1960 400006 259 302 427 662
0 4 1961 400006 259 302 427 662
0 4 1962 400006 259 302 428 662
0 4 1963 400006 259 302 428 662
0 4 1964 400006 259 302 429 662
0 4 1965 400006 259 302 429 662
0 4 1966 400006 259 302 429 661
0 4 1967 400006 259 302 429 661
0 4 1968 400006 259 302 429 661
0 4 1969 400006 259 302 429 661
0 4 1970 400006 259 302 427 661
0 4 1971 400006 259 302 427 661
0 4 1972 400006 259 302 426 661
0 4 1973 400006 259 302 426 661
0 4 1974 400006 259 302 426 662
0 4 1975 400006 259 302 426 662
0 4 1976 400006 259 302 426 662
0 4 1977 400006 259 302 426 662
0 4 1978 400006 259 302 426 661
0 4 1979 400006 259 302 426 661
0 4 1980 400006 259 302 426 662
0 4 1981 400006 259 302 426 662
0 4 1982 400006 259 302 425 662
0 4 1983 400006 259 302 425 662
0 4 1984 400006 259 302 424 662
0 4 1985 400006 259 302 424 662
0 4 1986 400006 259 302 423 662
0 4 1987 400006 259 302 423 662
0 4 1988 400006 259 302 423 662
0 4 1989 400006 259 302 423 662
0 4 1990 400006 259 302 422 662
0 4 1991 400006 259 302 422 662
0 4 1992 400006 259 303 420 662
0 4 1993 400006 259 303 420 662
0 4 1994 400006 258 303 417 661
0 4 1995 400006 258 303 417 661
0 4 1996 400006 258 303 417 661
0 4 1997 400006 258 303 417 661
0 4 1998 400006 258 303 417 661
0 4 1999 400006 258 303 417 661
0 4 2000 400006 258 303 417 661
0 4 2001 400006 258 303 417 661
0 4 2002 400006 258 303 417 661
0 4 2003 400006 258 303 417 661
0 4 2004 400006 259 303 417 662
0 4 2005 400006 259 303 417 661
0 4 2006 400006 259 303 417 662
0 4 2007 400006 259 303 417 662
0 4 2008 400006 259 303 417 661
0 4 2009 400006 259 303 417 661
0 4 2010 400006 259 303 417 662
0 4 2011 400006 259 303 417 662
0 4 2012 400006 259 303 417 662
0 4 2013 400006 259 303 417 662
0 4 2014 400006 259 303 417 662
0 4 2015 400006 259 303 417 662
0 4 2016 400006 259 303 417 662
0 4 2017 400006 259 303 417 662
0 4 2018 400006 259 303 418 662
0 4 2019 400006 259 303 418 662
0 4 2020 400006 259 303 418 662
0 4 2021 400006 259 303 418 662
0 4 2022 400006 259 303 418 662
0 4 2023 400006 259 303 418 662
0 4 2024 400006 259 303 418 662
0 4 2025 400006 259 303 418 662
0 4 2026 400006 259 303 418 662
0 4 2027 400006 259 303 418 662
0 4 2028 400006 259 304 418 662
0 4 2029 400006 259 304 418 662
0 4 2030 400006 259 304 418 662
0 4 2031 400006 259 304 418 662
0 4 2032 400006 259 304 417 662
0 4 2033 400006 259 303 417 662
0 4 2034 400006 259 304 418 662
0 4 2035 400006 259 303 418 662
0 4 2036 400006 259 303 418 662
0 4 2037 400006 259 303 418 662
0 4 2038 400006 259 303 418 662
0 4 2039 400006 259 303 418 662
0 4 2040 400006 259 303 418 661
0 4 2041 400006 259 303 418 661
0 4 2042 400006 259 303 418 661
0 4 2043 400006 259 303 418 661
0 4 2044 400006 259 303 418 661
0 4 2045 400006 259 303 418 661
0 4 2046 400006 259 303 418 661
0 4 2047 400006 259 303 418 661
0 4 2048 400006 259 303 418 661
0 4 2049 400006 259 303 418 661
0 4 2050 400006 259 303 418 662
0 4 2051 400006 259 303 418 661
0 4 2052 400006 259 303 418 661
0 4 2053 400006 259 303 418 661
0 4 2054 400006 259 303 418 661
0 4 2055 400006 259 303 418 661
0 4 2056 400006 259 303 418 661
0 4 2057 400006 259 303 418 661
0 4 2058 400006 259 303 418 661
0 4 2059 400006 259 303 418 661
0 4 2060 400006 259 303 418 662
0 4 2061 400006 259 303 418 662
0 4 2062 400006 259 303 418 662
0 4 2063 400006 259 303 418 662
0 4 2064 400006 259 303 418 661
0 4 2065 400006 259 303 418 661
0 4 2066 400006 259 304 418 661
0 4 2067 400006 259 304 418 661
0 4 2068 400006 259 304 418 661
0 4 2069 400006 259 304 418 661
0 4 2070 400006 259 304 418 661
0 4 2071 400006 258 305 418 661
0 4 2072 400006 258 305 418 661
0 4 2073 400006 258 304 418 661
0 4 2074 400006 258 304 418 661
0 4 2075 400006 258 304 416 661
0 4 2076 400006 258 304 417 661
0 4 2077 400006 258 304 415 661
0 4 2078 400006 258 304 415 661
0 4 2079 400006 257 304 413 661
0 4 2080 400006 257 304 414 661
0 4 2081 400006 257 303 413 661
0 4 2082 400006 257 303 413 661
0 4 2083 400006 257 303 411 661
0 4 2084 400006 257 303 411 661
0 4 2085 400006 256 302 410 661
0 4 2086 400006 256 302 410 661
0 4 2087 400006 256 302 408 661
0 4 2088 400006 256 302 407 661
0 4 2089 400006 255 302 407 661
0 4 2090 400006 255 302 407 661
0 4 2091 400006 254 302 406 661
0 4 2092 400006 254 302 406 661
0 4 2093 400006 253 302 406 661
0 4 2094 400006 253 302 406 661
0 4 2095 400006 252 302 406 661
0 4 2096 400006 252 302 406 661
0 4 2097 400006 251 302 405 661
0 4 2098 400006 251 302 405 661
0 4 2099 400006 250 302 404 662
0 4 2100 400006 250 302 404 662
0 4 2101 400006 250 302 404 662
0 4 2102 400006 250 302 404 662
0 4 2103 400006 250 303 404 662
0 4 2104 400006 250 303 404 662
0 4 2105 400006 249 302 403 662
0 4 2106 400006 249 302 403 662
0 4 2107 400006 249 302 403 662
0 4 2108 400006 249 302 403 662
0 4 2109 400006 248 302 403 662
0 4 2110 400006 248 302 403 662
0 4 2111 400006 248 302 403 662
0 4 2112 400006 248 303 403 662
0 4 2113 400006 248 304 403 663
0 4 2114 400006 248 304 403 663
0 4 2115 400006 247 304 403 663
0 4 2116 400006 247 304 403 663
0 4 2117 400006 247 305 403 663
0 4 2118 400006 247 305 403 663
0 4 2119 400006 246 305 403 664
0 4 2120 400006 246 305 403 664
0 4 2121 400006 246 305 402 664
0 4 2122 400006 246 305 403 664
0 4 2123 400006 245 306 402 664
0 4 2124 400006 245 306 402 664
0 4 2125 400006 244 306 403 664
0 4 2126 400006 244 306 403 664
0 4 2127 400006 244 306 403 664
0 4 2128 400006 244 306 403 664
0 4 2129 400006 244 306 402 664
0 4 2130 400006 244 306 402 664
0 4 2131 400006 244 307 403 664
0 4 2132 400006 244 307 403 664
0 4 2133 400006 244 307 403 665
0 4 2134 400006 244 307 403 665
0 4 2135 400006 244 308 403 664
0 4 2136 400006 244 307 403 665
0 4 2137 400006 244 308 402 665
0 4 2138 400006 244 308 402 665
0 4 2139 400006 245 309 400 665
0 4 2140 400006 245 309 400 665
0 4 2141 400006 246 310 397 665
0 4 2142 400006 246 310 397 665
0 4 2143 400006 246 311 408 665
0 4 2144 400006 246 311 408 665
0 4 2145 400006 247 312 417 665
0 4 2146 400006 247 312 418 665
0 4 2147 400006 247 314 422 665
0 4 2148 400006 247 314 418 664
0 4 2149 400006 248 316 424 665
0 4 2150 400006 248 316 424 665
0 4 2151 400006 248 317 426 665
0 4 2152 400006 248 317 426 665
0 4 2153 400006 249 319 418 665
0 4 2154 400006 249 319 418 665
0 4 2155 400006 249 320 419 665
0 4 2156 400006 249 320 420 665
0 4 2157 400006 250 321 423 665
0 4 2158 400006 250 321 423 665
0 4 2159 400006 250 322 423 665
0 4 2160 400006 250 322 415 665
0 4 2161 400006 250 322 420 666
0 4 2162 400006 250 322 420 666
0 4 2163 400006 250 323 425 665
0 4 2164 400006 250 323 425 665
0 4 2165 400006 250 323 425 665
0 4 2166 400006 250 323 425 665
0 4 2167 400006 250 323 427 665
0 4 2168 400006 250 323 426 665
0 4 2169 400006 250 323 423 665
0 4 2170 400006 250 323 423 665
0 4 2171 400006 250 322 421 666
0 4 2172 400006 250 322 411 665
0 4 2173 400006 250 322 410 665
0 4 2174 400006 250 322 409 665
0 4 2175 400006 250 322 415 665
0 4 2176 400006 250 322 415 665
0 4 2177 400006 250 321 421 665
0 4 2178 400006 250 321 421 665
0 4 2179 400006 250 320 420 665
0 4 2180 400006 250 320 420 665
0 4 2181 400006 250 319 417 665
0 4 2182 400006 250 319 417 665
0 4 2183 400006 249 319 403 665
0 4 2184 400006 249 319 403 665
0 4 2185 400006 249 319 393 665
0 4 2186 400006 249 319 393 665
0 4 2187 400006 248 319 392 665
0 4 2188 400006 248 319 392 665
0 4 2189 400006 245 319 392 664
0 4 2190 400006 245 319 392 664
0 4 2191 400006 243 318 392 664
0 4 2192 400006 243 318 392 664
0 4 2193 400006 241 318 392 667
0 4 2194 400006 241 318 392 667
0 4 2195 400006 240 318 393 671
0 4 2196 400006 239 317 392 671
0 4 2197 400006 239 317 392 674
0 4 2198 400006 239 317 392 674
0 4 2199 400006 239 318 390 676
0 4 2200 400006 239 318 390 676
0 4 2201 400006 239 318 388 677
0 4 2202 400006 239 318 388 677
0 4 2203 400006 239 320 386 678
0 4 2204 400006 239 320 386 678
0 4 2205 400006 239 320 383 678
0 4 2206 400006 239 320 383 678
0 4 2207 400006 239 320 382 679
0 4 2208 400006 239 320 382 679
0 4 2209 400006 239 318 380 680
0 4 2210 400006 239 318 380 680
0 4 2211 400006 241 311 378 681
0 4 2212 400006 241 311 378 681
0 4 2213 400006 241 306 375 681
0 4 2214 400006 241 306 375 681
0 4 2215 400006 239 298 371 681
0 4 2216 400006 239 298 371 681
0 4 2217 400006 237 289 367 682
0 4 2218 400006 237 289 367 682
0 4 2219 400006 235 278 367 683
0 4 2220 400006 235 279 367 682
0 4 2221 400006 230 267 363 684
0 4 2222 400006 230 267 362 684
0 4 2223 400006 221 255 357 684
0 4 2224 400006 221 255 357 684
0 4 2225 400006 211 244 349 685
0 4 2226 400006 211 244 349 685
0 4 2227 400006 201 238 350 684
0 4 2228 400006 201 238 350 684
0 4 2229 400006 193 234 356 686
0 4 2230 400006 193 234 356 686
0 4 2231 400006 188 231 356 691
0 4 2232 400006 188 231 355 691
0 4 2233 400006 186 231 358 696
0 4 2234 400006 186 231 358 696
0 4 2235 400006 187 230 363 695
0 4 2236 400006 187 230 363 695
0 4 2237 400006 187 230 371 696
0 4 2238 400006 187 230 371 696
0 4 2239 400006 188 228 385 705
0 4 2240 400006 188 228 385 705
0 4 2241 400006 191 228 392 713
0 4 2242 400006 190 228 392 713
0 4 2243 400006 194 231 393 713
0 4 2244 400006 193 231 392 713
0 4 2245 400006 201 234 384 715
0 4 2246 400006 201 234 384 715
0 4 2247 400006 207 233 377 713
0 4 2248 400006 207 233 377 713
0 4 2249 400006 212 234 383 711
0 4 2250 400006 211 234 382 713
0 4 2251 400006 215 231 388 712
0 4 2252 400006 215 231 388 712
0 4 2253 400006 218 226 396 716
0 4 2254 400006 218 226 396 716
0 4 2255 400006 220 223 401 714
0 4 2256 400006 220 225 400 713
0 4 2257 400006 221 225 424 713
0 4 2258 400006 221 225 425 713
0 4 2259 400006 224 226 427 713
0 4 2260 400006 224 226 427 713
0 4 2261 400006 229 230 442 713
0 4 2262 400006 229 230 442 713
0 4 2263 400006 235 236 457 713
0 4 2264 400006 235 236 457 713
0 4 2265 400006 240 242 475 715
0 4 2266 400006 240 242 475 715
0 4 2267 400006 252 245 488 715
0 4 2268 400006 252 245 488 716
0 4 2269 400006 269 244 503 715
0 4 2270 400006 269 244 503 715
0 4 2271 400006 291 243 522 716
0 4 2272 400006 291 243 522 716
0 4 2273 400006 318 240 539 715
0 4 2274 400006 318 240 539 715
0 4 2275 400006 345 237 553 713
0 4 2276 400006 345 237 553 713
0 4 2277 400006 368 237 569 713
0 4 2278 400006 368 237 569 713
0 4 2279 400006 387 239 584 713
0 4 2280 400006 388 239 584 713
0 4 2281 400006 409 239 608 713
0 4 2282 400006 409 239 608 713
0 4 2283 400006 436 239 633 711
0 4 2284 400006 436 239 633 711
0 4 2285 400006 461 235 653 713
0 4 2286 400006 461 235 653 713
0 4 2287 400006 488 225 671 713
0 4 2288 400006 488 225 671 713
0 4 2289 400006 508 218 684 711
0 4 2290 400006 508 218 684 711
0 4 2291 400006 526 211 691 713
0 4 2292 400006 527 211 691 713
0 4 2293 400006 532 209 697 713
0 4 2294 400006 532 209 697 713
0 4 2295 400006 542 206 727 713
0 4 2296 400006 543 207 726 712
0 4 2297 400006 555 205 733 713
0 4 2298 400006 555 205 733 713
0 4 2299 400006 569 203 750 713
0 4 2300 400006 569 203 750 713
0 4 2301 400006 583 203 761 714
0 4 2302 400006 583 203 760 714
0 4 2303 400006 599 204 785 713
0 4 2304 400006 599 206 785 712
0 4 2305 400006 616 203 802 713
0 4 2306 400006 616 203 802 713
0 4 2307 400006 628 198 827 713
0 4 2308 400006 628 198 827 713
0 4 2309 400006 640 192 853 713
0 4 2310 400006 640 192 853 713
0 4 2311 400006 651 188 875 712
0 4 2312 400006 651 188 875 712
0 4 2313 400006 661 184 891 711
0 4 2314 400006 661 183 891 711
0 4 2315 400006 670 182 907 711
0 4 2316 400006 670 183 907 711
0 4 2317 400006 681 186 916 713
0 4 2318 400006 681 186 916 713
0 4 2319 400006 694 186 922 712
0 4 2320 400006 694 186 922 712
0 4 2321 400006 704 189 928 714
0 4 2322 400006 704 189 928 714
0 4 2323 400006 713 180 927 712
0 4 2324 400006 712 180 927 714
0 4 2325 400006 719 174 927 713
0 4 2326 400006 719 174 927 713
0 4 2327 400006 727 168 931 710
0 4 2328 400006 727 168 931 710
0 4 2329 400006 734 162 935 690
0 4 2330 400006 734 164 935 690
0 4 2331 400006 741 159 939 664
0 4 2332 400006 741 160 939 662
0 4 2333 400006 748 157 940 660
0 4 2334 400006 748 157 939 660
0 4 2335 400006 751 156 941 662
0 4 2336 400006 751 156 941 662
0 4 2337 400006 756 156 943 662
0 4 2338 400006 756 156 943 662
0 4 2339 400006 765 157 944 663
0 4 2340 400006 765 157 944 663
0 4 2341 400006 777 157 945 663
0 4 2342 400006 777 157 945 663
0 4 2343 400006 796 155 947 652
0 4 2344 400006 796 155 947 652
0 4 2345 400006 814 153 950 635
0 4 2346 400006 814 153 950 635
0 4 2347 400006 826 150 950 614
0 4 2348 400006 826 150 950 614
0 4 2349 400006 832 147 951 600
0 4 2350 400006 832 147 951 600
0 4 2351 400006 838 144 951 600
0 4 2352 400006 838 144 950 599
0 4 2353 400006 843 143 950 600
0 4 2354 400006 843 143 950 600
0 4 2355 400006 848 141 950 601
0 4 2356 400006 848 141 950 601
0 4 2357 400006 853 142 951 601
0 4 2358 400006 853 142 951 601
0 4 2359 400006 858 142 950 595
0 4 2360 400006 858 142 950 595
0 4 2361 400006 863 140 951 586
0 4 2362 400006 863 140 950 586
0 4 2363 400006 869 137 951 575
0 4 2364 400006 869 137 951 576
0 4 2365 400006 876 134 951 557
0 4 2366 400006 876 134 951 557
0 4 2367 400006 880 132 951 545
0 4 2368 400006 880 132 951 545
0 4 2369 400006 881 135 951 544
0 4 2370 400006 881 135 951 544
0 4 2371 400006 881 152 950 544
0 4 2372 400006 881 152 950 544
0 4 2373 400006 881 192 950 544
0 4 2374 400006 881 192 950 544
0 4 2375 400006 882 195 949 539
0 4 2376 400006 882 195 949 539
0 4 2377 400006 886 208 947 529
0 4 2378 400006 886 208 947 529
0 4 2640 400006 783 261 843 547
0 4 2641 400006 783 261 843 547
0 4 2662 400006 908 131 950 439
0 4 2663 400006 908 131 950 438
0 4 2664 400006 926 138 950 434
0 4 2665 400006 926 138 950 434
0 4 1521 400007 876 140 950 394
0 4 1522 400007 876 140 950 394
0 4 2095 400009 778 90 823 541
0 4 2096 400009 779 90 823 541
0 4 2097 400009 781 91 845 557
0 4 2098 400009 781 91 845 557
0 4 2099 400009 781 92 877 569
0 4 2100 400009 781 92 878 569
0 4 2101 400009 781 93 918 567
0 4 2102 400009 781 93 918 567
0 4 2103 400009 781 94 929 568
0 4 2104 400009 781 94 929 568
0 4 2105 400009 782 96 934 573
0 4 2106 400009 782 97 934 573
0 4 2107 400009 785 94 943 572
0 4 2108 400009 785 94 943 572
0 4 2109 400009 804 92 948 573
0 4 2110 400009 804 92 948 573
0 4 2111 400009 838 90 950 573
0 4 2112 400009 837 90 950 572
0 4 2113 400009 872 90 951 573
0 4 2114 400009 872 90 951 573
0 4 2115 400009 877 91 951 573
0 4 2116 400009 877 91 951 573
0 4 2117 400009 877 99 950 573
0 4 2118 400009 877 99 950 573
0 4 2119 400009 878 175 949 574
0 4 2120 400009 878 175 949 574
0 4 2193 400009 906 101 950 516
0 4 2194 400009 906 101 950 516
0 4 2195 400009 902 97 951 516
0 4 2196 400009 902 97 951 516
0 4 2197 400009 883 98 951 531
0 4 2198 400009 883 98 951 531
0 4 2199 400009 846 101 951 524
0 4 2200 400009 846 101 951 524
0 4 2201 400009 811 105 949 519
0 4 2202 400009 811 105 949 519
0 4 2203 400009 784 109 941 519
0 4 2204 400009 784 109 941 519
0 4 2205 400009 785 110 938 519
0 4 2206 400009 785 110 938 519
0 4 2207 400009 783 109 938 517
0 4 2208 400009 783 109 938 517
0 4 2209 400009 784 103 938 516
0 4 2210 400009 784 103 938 516
0 4 2211 400009 784 101 923 512
0 4 2212 400009 784 101 922 512
0 4 2213 400009 783 99 895 512
0 4 2214 400009 783 99 895 512
0 4 2215 400009 782 98 865 511
0 4 2216 400009 782 98 865 511
0 4 2217 400009 779 100 843 513
0 4 2218 400009 779 100 843 513
0 4 2219 400009 779 100 836 512
0 4 2220 400009 779 100 835 513
0 4 2221 400009 780 105 833 513
0 4 2222 400009 780 105 833 513
0 4 2223 400009 783 175 832 513
0 4 2224 400009 783 174 832 514
0 4 2225 400009 783 208 831 512
0 4 2226 400009 783 208 831 512
0 4 2227 400009 784 268 831 513
0 4 2228 400009 784 268 831 513
0 4 2289 400009 904 333 948 511
0 4 2290 400009 904 333 948 511
0 4 2291 400009 904 247 949 512
0 4 2292 400009 904 247 949 511
0 4 2293 400009 903 107 950 512
0 4 2294 400009 903 107 950 512
0 4 2295 400009 895 104 949 511
0 4 2296 400009 895 104 949 511
0 4 2297 400009 881 103 950 523
0 4 2298 400009 881 103 950 523
0 4 2299 400009 840 103 950 516
0 4 2300 400009 841 103 950 516
0 4 2301 400009 814 105 950 510
0 4 2302 400009 814 105 950 510
0 4 2303 400009 808 108 943 509
0 4 2304 400009 808 107 943 510
0 4 2305 400009 807 109 942 510
0 4 2306 400009 807 109 942 510
0 4 2307 400009 807 105 937 508
0 4 2308 400009 807 105 937 508
0 4 2309 400009 829 104 926 507
0 4 2310 400009 829 104 926 507
0 4 2311 400009 819 103 890 503
0 4 2312 400009 819 103 890 503
0 4 2313 400009 809 103 882 496
0 4 2314 400009 809 102 882 496
0 4 2377 400009 886 306 946 528
0 4 2378 400009 886 306 946 528
0 4 2642 400009 782 132 845 548
0 4 2643 400009 782 132 845 548
0 4 2644 400009 783 129 855 548
0 4 2645 400009 783 129 855 548
0 4 2646 400009 783 128 861 548
0 4 2647 400009 783 128 861 548
0 4 2648 400009 786 127 871 547
0 4 2649 400009 786 127 871 547
0 4 2650 400009 790 128 896 548
0 4 2651 400009 790 128 896 548
0 4 2652 400009 790 132 932 549
0 4 2653 400009 790 132 932 549
0 4 2654 400009 791 136 940 551
0 4 2655 400009 791 136 940 551
0 4 2656 400009 794 137 947 555
0 4 2657 400009 794 137 947 555
0 4 2658 400009 804 135 948 555
0 4 2659 400009 804 135 948 555
0 4 2660 400009 833 134 952 556
0 4 2661 400009 833 134 952 556
0 4 2662 400009 873 129 951 557
0 4 2663 400009 873 129 951 557
0 4 2664 400009 923 137 949 547
0 4 2665 400009 923 137 949 537
0 4 3134 400009 781 106 880 490
0 4 3135 400009 781 106 880 490
0 4 3136 400009 781 106 882 492
0 4 3137 400009 781 106 882 492
0 4 3138 400009 782 105 884 493
0 4 3139 400009 782 105 884 493
0 4 3140 400009 783 102 885 494
0 4 3141 400009 783 102 885 494
0 4 3142 400009 783 100 885 494
0 4 3143 400009 783 100 885 494
0 4 3144 400009 784 98 885 495
0 4 3145 400009 784 98 885 495
0 4 3146 400009 786 99 888 495
0 4 3147 400009 786 99 888 495
0 4 3148 400009 800 99 907 494
0 4 3149 400009 800 99 907 494
0 4 3150 400009 813 97 923 516
0 4 3151 400009 813 97 923 516
0 4 3152 400009 821 98 937 521
0 4 3153 400009 821 98 937 521
0 4 3154 400009 829 100 946 514
0 4 3155 400009 829 100 946 514
0 4 3156 400009 829 101 949 504
0 4 3157 400009 829 101 949 503
0 4 3158 400009 830 104 950 496
0 4 3159 400009 830 103 950 496
0 4 3160 400009 831 105 950 496
0 4 3161 400009 831 105 950 496
0 4 3162 400009 833 105 950 496
0 4 3163 400009 833 105 950 496
0 4 3164 400009 839 103 951 495
0 4 3165 400009 839 103 951 495
0 4 3166 400009 855 103 951 495
0 4 3167 400009 855 103 951 496
0 4 3168 400009 875 108 951 464
0 4 3169 400009 875 108 951 464
0 4 3170 400009 895 164 948 491
0 4 3171 400009 895 164 948 490
0 4 2315 400013 798 101 869 312
0 4 2316 400013 797 101 869 313
0 4 2317 400013 786 102 857 290
0 4 2318 400013 786 102 857 290
0 4 2319 400013 780 105 847 284
0 4 2320 400013 780 105 847 284
0 4 2321 400013 780 106 827 206
0 4 2322 400013 780 107 827 205
0 4 2460 400014 780 136 827 555
0 4 2461 400014 780 136 827 555
0 4 2462 400014 781 134 841 555
0 4 2463 400014 781 134 841 555
0 4 2464 400014 781 128 844 554
0 4 2465 400014 781 128 844 554
0 4 2466 400014 782 126 857 552
0 4 2467 400014 782 126 857 552
0 4 2468 400014 781 125 892 553
0 4 2469 400014 781 125 892 553
0 4 2470 400014 782 128 930 554
0 4 2471 400014 782 128 930 554
0 4 2472 400014 782 133 946 554
0 4 2473 400014 782 133 946 554
0 4 2474 400014 783 132 947 553
0 4 2475 400014 783 132 947 553
0 4 2476 400014 800 129 947 547
0 4 2477 400014 800 129 947 547
0 4 2478 400014 830 126 949 551
0 4 2479 400014 830 126 949 551
0 4 2480 400014 866 123 951 560
0 4 2481 400014 866 123 951 560
0 4 2482 400014 889 123 951 553
0 4 2483 400014 889 123 951 553
0 4 2484 400014 890 127 949 544
0 4 2485 400014 890 127 949 544
0 4 3130 400014 784 301 833 484
0 4 3131 400014 784 301 833 484
0 4 3132 400014 784 286 864 487
0 4 3133 400014 784 286 864 487
0 4 3338 400014 782 215 824 530
0 4 3339 400014 782 215 824 530
0 4 3340 400014 783 174 840 531
0 4 3341 400014 783 174 840 531
0 4 3342 400014 781 113 854 535
0 4 3343 400014 780 110 864 537
0 4 3344 400014 780 110 864 537
0 4 3345 400014 781 109 866 537
0 4 3346 400014 781 109 866 537
0 4 3347 400014 781 109 864 536
0 4 3348 400014 781 108 865 536
0 4 3349 400014 783 108 868 537
0 4 3350 400014 783 108 867 537
0 4 3351 400014 783 106 882 536
0 4 3352 400014 783 106 882 536
0 4 3353 400014 783 107 892 536
0 4 3354 400014 783 107 892 536
0 4 3355 400014 783 108 915 538
0 4 3356 400014 783 108 915 538
0 4 3357 400014 786 110 916 545
0 4 3358 400014 786 110 916 545
0 4 3359 400014 796 111 915 547
0 4 3360 400014 796 111 915 547
0 4 3361 400014 801 110 920 547
0 4 3362 400014 801 110 920 547
0 4 3363 400014 795 110 934 547
0 4 3364 400014 795 110 934 547
0 4 3365 400014 791 110 947 548
0 4 3366 400014 791 110 947 548
0 4 3367 400014 790 111 951 561
0 4 3368 400014 790 111 951 561
0 4 3369 400014 794 112 951 580
0 4 3370 400014 794 112 951 580
0 4 3371 400014 800 114 951 593
0 4 3372 400014 800 114 951 593
0 4 3373 400014 808 115 951 600
0 4 3374 400014 808 115 951 600
0 4 3375 400014 815 117 951 606
0 4 3376 400014 815 117 951 606
0 4 3377 400014 819 119 950 610
0 4 3378 400014 819 119 950 610
0 4 3379 400014 817 118 950 610
0 4 3380 400014 817 118 950 610
0 4 3381 400014 814 119 949 610
0 4 3382 400014 814 119 949 610
0 4 3383 400014 809 119 950 610
0 4 3384 400014 809 119 950 610
0 4 3385 400014 803 119 948 610
0 4 3386 400014 803 119 948 610
0 4 3387 400014 799 119 947 613
0 4 3388 400014 799 120 947 613
0 4 3389 400014 795 121 948 645
0 4 3390 400014 795 121 948 645
0 4 3391 400014 792 125 949 663
0 4 3392 400014 792 125 949 663
0 4 3393 400014 789 128 949 671
0 4 3394 400014 789 128 949 671
0 4 3395 400014 786 132 949 684
0 4 3396 400014 786 131 949 684
0 4 3397 400014 784 133 949 688
0 4 3398 400014 784 133 949 688
0 4 3399 400014 783 132 949 689
0 4 3400 400014 783 132 949 689
0 4 3401 400014 783 132 949 689
0 4 3402 400014 783 132 949 689
0 4 3403 400014 782 132 948 692
0 4 3404 400014 782 132 948 692
0 4 3405 400014 781 134 947 694
0 4 3406 400014 781 134 947 694
0 4 3407 400014 761 134 943 700
0 4 3408 400014 761 134 943 700
0 4 3409 400014 736 137 940 711
0 4 3410 400014 736 137 940 711
0 4 3411 400014 729 142 935 713
0 4 3412 400014 729 142 935 713
0 4 3413 400014 739 146 928 713
0 4 3414 400014 739 146 928 713
0 4 3415 400014 744 147 919 712
0 4 3416 400014 743 147 919 712
0 4 3417 400014 742 146 911 711
0 4 3418 400014 742 146 911 711
0 4 3419 400014 731 146 902 712
0 4 3420 400014 731 146 902 712
0 4 3421 400014 712 147 895 712
0 4 3422 400014 712 147 895 712
0 4 3423 400014 696 147 888 713
0 4 3424 400014 696 147 888 713
0 4 3425 400014 681 148 882 711
0 4 3426 400014 681 148 882 711
0 4 3427 400014 673 150 875 711
0 4 3428 400014 673 150 875 711
0 4 3429 400014 668 153 870 712
0 4 3430 400014 668 153 870 712
0 4 3431 400014 669 158 863 713
0 4 3432 400014 668 158 864 713
0 4 3433 400014 669 163 857 712
0 4 3434 400014 669 163 857 712
0 4 3435 400014 667 165 851 712
0 4 3436 400014 667 165 851 712
0 4 3437 400014 661 165 845 712
0 4 3438 400014 661 165 845 712
0 4 3439 400014 656 167 840 713
0 4 3440 400014 656 167 840 713
0 4 3441 400014 647 171 836 713
0 4 3442 400014 646 171 836 712
0 4 3443 400014 626 172 835 712
0 4 3444 400014 626 172 835 712
0 4 3445 400014 613 173 833 713
0 4 3446 400014 613 173 833 713
0 4 3447 400014 608 175 830 712
0 4 3448 400014 608 175 830 712
0 4 3449 400014 604 181 824 713
0 4 3450 400014 604 181 824 713
0 4 3451 400014 595 186 818 712
0 4 3452 400014 595 186 818 712
0 4 3453 400014 578 189 808 712
0 4 3454 400014 578 189 808 712
0 4 3455 400014 557 192 796 712
0 4 3456 400014 557 192 796 712
0 4 3457 400014 540 194 784 712
0 4 3458 400014 540 194 784 712
0 4 3459 400014 523 197 780 710
0 4 3460 400014 523 197 780 710
0 4 3461 400014 507 199 779 711
0 4 3462 400014 507 199 779 711
0 4 3463 400014 496 201 773 712
0 4 3464 400014 497 201 773 712
0 4 3465 400014 488 203 767 712
0 4 3466 400014 488 203 767 712
0 4 3467 400014 486 206 758 711
0 4 3468 400014 486 206 758 711
0 4 3469 400014 489 212 750 712
0 4 3470 400014 489 212 751 712
0 4 3471 400014 493 215 748 712
0 4 3472 400014 492 215 748 712
0 4 3473 400014 505 217 752 711
0 4 3474 400014 505 217 752 711
0 4 3475 400014 510 217 758 711
0 4 3476 400014 510 217 758 711
0 4 3477 400014 518 221 771 711
0 4 3478 400014 518 221 771 711
0 4 3479 400014 524 224 788 711
0 4 3480 400014 524 224 788 711
0 4 3481 400014 528 226 803 712
0 4 3482 400014 528 226 803 712
0 4 3483 400014 537 229 815 712
0 4 3484 400014 536 229 815 712
0 4 3485 400014 546 233 822 712
0 4 3486 400014 546 233 822 712
0 4 3487 400014 557 238 824 713
0 4 3488 400014 557 238 824 713
0 4 3489 400014 574 244 821 712
0 4 3490 400014 573 245 821 712
0 4 3491 400014 595 245 810 713
0 4 3492 400014 595 245 811 713
0 4 3493 400014 614 246 813 714
0 4 3494 400014 614 246 813 714
0 4 3495 400014 628 246 829 713
0 4 3496 400014 628 246 829 713
0 4 3497 400014 638 247 844 712
0 4 3498 400014 638 247 844 712
0 4 3499 400014 645 246 855 713
0 4 3500 400014 645 246 855 712
0 4 3501 400014 650 243 858 713
0 4 3502 400014 650 243 858 713
0 4 3503 400014 652 237 858 713
0 4 3504 400014 652 237 858 713
0 4 3505 400014 651 231 869 714
0 4 3506 400014 651 231 869 714
0 4 3507 400014 651 226 886 712
0 4 3508 400014 651 226 886 712
0 4 3509 400014 649 221 896 712
0 4 3510 400014 649 221 896 712
0 4 3511 400014 647 219 902 712
0 4 3512 400014 647 219 902 712
0 4 3513 400014 647 215 903 713
0 4 3514 400014 647 215 903 713
0 4 3515 400014 644 210 903 713
0 4 3516 400014 644 210 903 713
0 4 3517 400014 642 207 902 712
0 4 3518 400014 642 207 902 712
0 4 3519 400014 639 205 901 712
0 4 3520 400014 639 205 901 712
0 4 3521 400014 633 203 900 712
0 4 3522 400014 633 203 900 712
0 4 3523 400014 630 201 901 711
0 4 3524 400014 630 201 901 711
0 4 3525 400014 634 198 904 711
0 4 3526 400014 634 198 904 711
0 4 3527 400014 635 194 908 711
0 4 3528 400014 635 195 908 710
0 4 3529 400014 632 192 917 710
0 4 3530 400014 632 192 917 710
0 4 3531 400014 636 190 919 711
0 4 3532 400014 636 190 919 711
0 4 3533 400014 632 187 919 712
0 4 3534 400014 632 187 919 712
0 4 3535 400014 631 181 919 711
0 4 3536 400014 631 181 919 711
0 4 3537 400014 637 174 920 712
0 4 3538 400014 637 174 920 712
0 4 3539 400014 655 169 924 712
0 4 3540 400014 654 169 924 712
0 4 3541 400014 673 167 926 712
0 4 3542 400014 673 167 926 712
0 4 3543 400014 692 165 925 712
0 4 3544 400014 692 165 925 712
0 4 3545 400014 709 161 927 712
0 4 3546 400014 709 161 927 713
0 4 3547 400014 722 158 930 713
0 4 3548 400014 722 158 930 713
0 4 3549 400014 730 156 933 713
0 4 3550 400014 729 156 933 713
0 4 3551 400014 730 156 932 713
0 4 3552 400014 731 156 933 713
0 4 3553 400014 727 157 929 713
0 4 3554 400014 727 157 929 713
0 4 3555 400014 723 156 927 712
0 4 3556 400014 723 156 927 712
0 4 3557 400014 719 153 926 712
0 4 3558 400014 719 153 926 712
0 4 3559 400014 721 148 923 712
0 4 3560 400014 721 148 923 712
0 4 3561 400014 725 145 920 712
0 4 3562 400014 725 145 920 712
0 4 3563 400014 723 144 919 712
0 4 3564 400014 723 144 919 712
0 4 3565 400014 723 143 916 711
0 4 3566 400014 723 143 916 711
0 4 3567 400014 728 141 911 710
0 4 3568 400014 728 141 911 710
0 4 3569 400014 732 140 911 709
0 4 3570 400014 732 140 911 709
0 4 3571 400014 738 140 913 709
0 4 3572 400014 738 140 913 709
0 4 3573 400014 745 141 916 709
0 4 3574 400014 744 141 917 708
0 4 3575 400014 754 141 921 705
0 4 3576 400014 754 142 921 706
0 4 3577 400014 763 138 927 695
0 4 3578 400014 763 138 927 695
0 4 3579 400014 767 136 933 677
0 4 3580 400014 767 136 933 677
0 4 3581 400014 772 133 941 657
0 4 3582 400014 772 133 941 657
0 4 3583 400014 779 131 946 637
0 4 3584 400014 779 131 946 636
0 4 3585 400014 785 129 949 634
0 4 3586 400014 786 129 949 635
0 4 3587 400014 790 127 949 635
0 4 3588 400014 790 127 949 634
0 4 3589 400014 795 126 949 634
0 4 3590 400014 795 126 949 634
0 4 3591 400014 799 126 950 635
0 4 3592 400014 799 126 950 635
0 4 3593 400014 804 126 950 633
0 4 3594 400014 804 126 950 633
0 4 3595 400014 809 125 950 631
0 4 3596 400014 809 125 950 631
0 4 3597 400014 815 122 950 620
0 4 3598 400014 815 122 950 620
0 4 3599 400014 821 120 950 611
0 4 3600 400014 821 120 950 611
0 4 3601 400014 829 119 950 600
0 4 3602 400014 829 119 950 600
0 4 3603 400014 837 118 950 589
0 4 3604 400014 837 118 950 589
0 4 3605 400014 847 117 950 581
0 4 3606 400014 847 116 950 581
0 4 3607 400014 854 115 951 579
0 4 3608 400014 854 115 951 579
0 4 3609 400014 854 116 952 580
0 4 3610 400014 854 116 952 580
0 4 3611 400014 856 117 952 578
0 4 3612 400014 856 117 952 578
0 4 3613 400014 857 118 952 575
0 4 3614 400014 857 118 952 575
0 4 3615 400014 860 116 951 563
0 4 3616 400014 860 116 951 563
0 4 3617 400014 864 114 951 555
0 4 3618 400014 864 114 951 555
0 4 3619 400014 874 117 950 544
0 4 3620 400014 874 117 950 544
0 4 3621 400014 889 123 950 545
0 4 3622 400014 889 123 950 545
0 4 3970 400014 880 231 949 529
0 4 3971 400014 880 230 949 529
0 4 3972 400014 879 147 950 530
0 4 3973 400014 879 147 950 530
0 4 3974 400014 878 135 951 530
0 4 3975 400014 878 135 951 530
0 4 3976 400014 877 132 950 531
0 4 3977 400014 877 132 950 531
0 4 3978 400014 876 131 951 531
0 4 3979 400014 876 131 951 531
0 4 3980 400014 871 128 951 530
0 4 3981 400014 867 128 951 529
0 4 3982 400014 867 128 951 529
0 4 3983 400014 862 127 951 534
0 4 3984 400014 862 127 951 543
0 4 3985 400014 859 127 950 531
0 4 3986 400014 859 127 951 531
0 4 3987 400014 856 129 951 566
0 4 3988 400014 856 129 950 566
0 4 3989 400014 853 131 950 568
0 4 3990 400014 853 131 950 568
0 4 3991 400014 851 133 950 564
0 4 3992 400014 851 133 950 564
0 4 3993 400014 846 134 950 567
0 4 3994 400014 846 134 950 567
0 4 3995 400014 842 136 948 568
0 4 3996 400014 842 136 948 569
0 4 3997 400014 838 136 948 568
0 4 3998 400014 838 136 948 568
0 4 3999 400014 823 135 947 569
0 4 4000 400014 823 135 947 569
0 4 4001 400014 815 135 947 569
0 4 4002 400014 815 135 947 569
0 4 4003 400014 812 135 947 569
0 4 4004 400014 812 135 947 569
0 4 4005 400014 813 135 945 568
0 4 4006 400014 812 135 945 568
0 4 4007 400014 809 137 942 569
0 4 4008 400014 809 137 940 569
0 4 4009 400014 804 138 930 568
0 4 4010 400014 804 138 930 568
0 4 4011 400014 799 141 926 570
0 4 4012 400014 799 141 926 570
0 4 4013 400014 796 141 923 569
0 4 4014 400014 796 141 923 569
0 4 4015 400014 793 140 917 571
0 4 4016 400014 793 140 917 571
0 4 4017 400014 791 140 913 574
0 4 4018 400014 791 140 913 575
0 4 4019 400014 791 141 912 579
0 4 4020 400014 791 141 912 580
0 4 4021 400014 793 143 913 580
0 4 4022 400014 793 143 913 580
0 4 4023 400014 795 144 915 586
0 4 4024 400014 795 144 915 586
0 4 4025 400014 798 145 917 592
0 4 4026 400014 798 145 917 592
0 4 4027 400014 802 146 921 599
0 4 4028 400014 802 146 921 599
0 4 4029 400014 806 147 925 600
0 4 4030 400014 806 147 925 600
0 4 4031 400014 810 146 933 600
0 4 4032 400014 810 146 932 600
0 4 4033 400014 813 145 935 600
0 4 4034 400014 813 145 935 600
0 4 4035 400014 816 144 936 600
0 4 4036 400014 816 144 936 600
0 4 4037 400014 819 144 937 599
0 4 4038 400014 819 144 937 599
0 4 4039 400014 819 144 939 602
0 4 4040 400014 819 144 939 602
0 4 4041 400014 818 145 942 626
0 4 4042 400014 818 145 942 626
0 4 4043 400014 812 147 945 638
0 4 4044 400014 812 147 945 639
0 4 4045 400014 801 150 942 642
0 4 4046 400014 801 150 942 642
0 4 4047 400014 798 155 941 650
0 4 4048 400014 798 155 941 650
0 4 4049 400014 798 157 937 660
0 4 4050 400014 798 157 937 660
0 4 4051 400014 797 159 930 664
0 4 4052 400014 797 159 930 664
0 4 4053 400014 791 159 926 663
0 4 4054 400014 791 159 926 663
0 4 4055 400014 783 159 921 664
0 4 4056 400014 783 159 920 664
0 4 4057 400014 774 160 917 664
0 4 4058 400014 774 160 917 664
0 4 4059 400014 768 159 915 665
0 4 4060 400014 768 159 915 665
0 4 4061 400014 764 160 906 667
0 4 4062 400014 764 160 905 667
0 4 4063 400014 760 162 908 690
0 4 4064 400014 760 162 907 690
0 4 4065 400014 754 164 910 708
0 4 4066 400014 754 164 910 708
0 4 4067 400014 750 168 908 712
0 4 4068 400014 750 168 908 712
0 4 4069 400014 744 171 906 714
0 4 4070 400014 744 171 906 714
0 4 4071 400014 739 175 903 714
0 4 4072 400014 739 175 903 714
0 4 4073 400014 733 178 901 712
0 4 4074 400014 733 178 901 712
0 4 4075 400014 727 178 898 712
0 4 4076 400014 727 178 898 712
0 4 4077 400014 721 178 895 712
0 4 4078 400014 721 177 895 712
0 4 4079 400014 715 177 893 713
0 4 4080 400014 715 177 893 713
0 4 4081 400014 709 178 888 713
0 4 4082 400014 709 178 888 713
0 4 4083 400014 702 181 880 712
0 4 4084 400014 702 181 880 712
0 4 4085 400014 693 186 873 711
0 4 4086 400014 693 186 873 711
0 4 4087 400014 678 192 864 712
0 4 4088 400014 678 192 864 712
0 4 4089 400014 665 198 855 712
0 4 4090 400014 665 198 855 712
0 4 4091 400014 651 202 846 713
0 4 4092 400014 651 202 846 713
0 4 4093 400014 637 203 835 712
0 4 4094 400014 637 203 835 712
0 4 4095 400014 623 205 826 713
0 4 4096 400014 623 205 826 713
0 4 4097 400014 604 204 819 711
0 4 4098 400014 604 204 819 711
0 4 4099 400014 593 203 809 712
0 4 4100 400014 593 203 809 712
0 4 4101 400014 585 203 801 713
0 4 4102 400014 585 203 801 713
0 4 4103 400014 579 208 797 713
0 4 4104 400014 579 208 797 713
0 4 4105 400014 573 214 792 712
0 4 4106 400014 573 214 792 712
0 4 4107 400014 569 222 789 713
0 4 4108 400014 569 222 789 712
0 4 4109 400014 566 228 792 712
0 4 4110 400014 566 228 792 712
0 4 4111 400014 564 233 796 712
0 4 4112 400014 564 233 796 712
0 4 4113 400014 563 235 800 712
0 4 4114 400014 563 235 800 712
0 4 4115 400014 562 235 809 712
0 4 4116 400014 561 236 809 711
0 4 4117 400014 561 239 818 713
0 4 4118 400014 561 239 818 712
0 4 4119 400014 560 243 823 712
0 4 4120 400014 560 243 823 712
0 4 4121 400014 564 245 824 712
0 4 4122 400014 564 245 824 713
0 4 4123 400014 557 249 818 713
0 4 4124 400014 557 249 818 713
0 4 4125 400014 549 253 809 711
0 4 4126 400014 549 253 809 711
0 4 4127 400014 535 257 800 712
0 4 4128 400014 535 257 800 712
0 4 4129 400014 523 264 789 711
0 4 4130 400014 523 264 789 711
0 4 4131 400014 505 271 774 710
0 4 4132 400014 504 271 776 708
0 4 4133 400014 491 279 762 712
0 4 4134 400014 491 279 762 712
0 4 4135 400014 473 284 751 712
0 4 4136 400014 473 284 751 712
0 4 4137 400014 460 289 744 712
0 4 4138 400014 461 289 744 712
0 4 4139 400014 449 298 739 714
0 4 4140 400014 449 298 738 713
0 4 4141 400014 440 303 735 712
0 4 4142 400014 440 303 735 712
0 4 4143 400014 435 312 733 712
0 4 4144 400014 435 312 733 712
0 4 4145 400014 431 317 729 714
0 4 4146 400014 431 317 729 714
0 4 4147 400014 430 322 728 713
0 4 4148 400014 430 322 728 713
0 4 4149 400014 431 325 727 713
0 4 4150 400014 431 325 727 713
0 4 4151 400014 433 326 727 713
0 4 4152 400014 434 326 723 713
0 4 4153 400014 439 324 733 712
0 4 4154 400014 439 324 733 712
0 4 4155 400014 442 321 747 712
0 4 4156 400014 442 321 747 712
0 4 4157 400014 450 317 766 712
0 4 4158 400014 451 317 766 712
0 4 4159 400014 462 311 782 712
0 4 4160 400014 462 311 781 713
0 4 4161 400014 472 307 798 712
0 4 4162 400014 472 307 798 712
0 4 4163 400014 484 302 806 714
0 4 4164 400014 484 302 806 713
0 4 4165 400014 496 298 806 713
0 4 4166 400014 496 298 806 713
0 4 4167 400014 510 289 800 714
0 4 4168 400014 510 289 801 713
0 4 4169 400014 524 286 798 713
0 4 4170 400014 524 286 798 713
0 4 4171 400014 536 280 803 714
0 4 4172 400014 537 280 803 714
0 4 4173 400014 547 277 814 715
0 4 4174 400014 547 277 814 715
0 4 4175 400014 554 275 823 714
0 4 4176 400014 554 275 823 714
0 4 4177 400014 561 276 828 713
0 4 4178 400014 561 276 828 713
0 4 4179 400014 568 276 832 713
0 4 4180 400014 568 276 832 713
0 4 4181 400014 572 278 837 713
0 4 4182 400014 572 279 837 713
0 4 4183 400014 576 282 837 713
0 4 4184 400014 576 282 837 713
0 4 4185 400014 580 287 843 713
0 4 4186 400014 580 287 843 713
0 4 4187 400014 583 290 850 713
0 4 4188 400014 584 291 848 712
0 4 4189 400014 584 295 871 713
0 4 4190 400014 583 295 871 713
0 4 4191 400014 584 302 874 713
0 4 4192 400014 584 302 874 713
0 4 4193 400014 588 306 837 713
0 4 4194 400014 588 306 837 713
0 4 4195 400014 589 307 856 713
0 4 4196 400014 589 307 857 713
0 4 4197 400014 591 306 861 712
0 4 4198 400014 591 306 861 712
0 4 4199 400014 602 304 869 713
0 4 4200 400014 603 305 870 713
0 4 4201 400014 615 305 892 712
0 4 4202 400014 615 305 892 712
0 4 4203 400014 629 305 918 713
0 4 4204 400014 629 305 918 713
0 4 4205 400014 643 306 942 712
0 4 4206 400014 643 306 943 712
0 4 4207 400014 656 301 960 712
0 4 4208 400014 656 301 960 712
0 4 4209 400014 666 296 982 712
0 4 4210 400014 666 296 982 712
0 4 4211 400014 685 290 992 712
0 4 4212 400014 686 290 994 712
0 4 4213 400014 697 288 1012 712
0 4 4214 400014 697 288 1013 712
0 4 4215 400014 703 283 1035 713
0 4 4216 400014 703 283 1036 713
0 4 4217 400014 711 282 1052 712
0 4 4218 400014 711 282 1052 712
0 4 4219 400014 718 281 1068 712
0 4 4220 400014 718 281 1067 712
0 4 4221 400014 724 281 1079 713
0 4 4222 400014 724 281 1078 713
0 4 4223 400014 731 282 1079 713
0 4 4224 400014 731 282 1079 713
0 4 4225 400014 737 284 1079 713
0 4 4226 400014 737 284 1079 713
0 4 4227 400014 745 287 1079 713
0 4 4228 400014 745 287 1079 713
0 4 4229 400014 753 290 1079 712
0 4 4230 400014 753 290 1079 712
0 4 4231 400014 762 296 1079 712
0 4 4232 400014 762 296 1079 712
0 4 4233 400014 769 301 1079 712
0 4 4234 400014 769 301 1079 712
0 4 4235 400014 776 306 1079 712
0 4 4236 400014 776 305 1079 712
0 4 4237 400014 782 309 1079 712
0 4 4238 400014 782 309 1079 712
0 4 4239 400014 788 315 1079 713
0 4 4240 400014 788 315 1079 713
0 4 4241 400014 792 321 1079 712
0 4 4242 400014 792 321 1079 712
0 4 4243 400014 796 326 1079 713
0 4 4244 400014 796 326 1079 713
0 4 4245 400014 799 333 1080 712
0 4 4246 400014 799 333 1080 712
0 4 4247 400014 801 342 1079 713
0 4 4248 400014 801 341 1079 712
0 4 4249 400014 803 349 1079 713
0 4 4250 400014 803 348 1079 713
0 4 4251 400014 804 357 1079 713
0 4 4252 400014 803 357 1079 713
0 4 4253 400014 805 363 1079 713
0 4 4254 400014 805 363 1079 713
0 4 4255 400014 806 369 1078 713
0 4 4256 400014 806 369 1078 713
0 4 4257 400014 807 373 1078 713
0 4 4258 400014 807 373 1078 713
0 4 4259 400014 807 378 1077 714
0 4 4260 400014 808 378 1077 713
0 4 4261 400014 807 382 1077 714
0 4 4262 400014 807 382 1077 714
0 4 4263 400014 805 384 1076 713
0 4 4264 400014 805 383 1076 713
0 4 4265 400014 803 385 1075 713
0 4 4266 400014 803 385 1075 713
0 4 4267 400014 799 387 1072 713
0 4 4268 400014 799 387 1072 713
0 4 4269 400014 794 388 1075 713
0 4 4270 400014 794 388 1075 713
0 4 4271 400014 790 389 1076 713
0 4 4272 400014 789 389 1073 713
0 4 4273 400014 786 385 1075 713
0 4 4274 400014 786 385 1075 713
0 4 4275 400014 782 381 1078 713
0 4 4276 400014 782 381 1078 713
0 4 4277 400014 777 376 1079 713
0 4 4278 400014 777 376 1079 713
0 4 4279 400014 773 370 1079 713
0 4 4280 400014 773 370 1079 713
0 4 4281 400014 765 363 1077 712
0 4 4282 400014 765 363 1077 712
0 4 4283 400014 758 358 1078 714
0 4 4284 400014 759 358 1079 714
0 4 4285 400014 753 348 1079 713
0 4 4286 400014 753 348 1079 713
0 4 4287 400014 744 340 1079 714
0 4 4288 400014 744 340 1079 714
0 4 4289 400014 736 334 1077 714
0 4 4290 400014 736 334 1077 714
0 4 4291 400014 726 331 1055 713
0 4 4292 400014 726 331 1055 713
0 4 4293 400014 715 326 1031 713
0 4 4294 400014 715 326 1030 713
0 4 4295 400014 701 323 1005 712
0 4 4296 400014 701 324 1005 712
0 4 4297 400014 690 319 980 712
0 4 4298 400014 690 319 980 713
0 4 4299 400014 674 315 970 713
0 4 4300 400014 663 310 946 712
0 4 4301 400014 663 310 946 712
0 4 4302 400014 655 308 935 713
0 4 4303 400014 655 308 935 712
0 4 4304 400014 647 303 930 713
0 4 4305 400014 647 304 930 713
0 4 4306 400014 639 303 938 713
0 4 4307 400014 639 303 938 713
0 4 4308 400014 631 306 945 713
0 4 4309 400014 631 306 945 713
0 4 4310 400014 624 311 944 713
0 4 4311 400014 624 311 944 713
0 4 4312 400014 615 316 940 712
0 4 4313 400014 615 316 940 712
0 4 4314 400014 604 321 926 713
0 4 4315 400014 604 322 926 713
0 4 4316 400014 592 327 910 713
0 4 4317 400014 592 327 910 713
0 4 4318 400014 580 330 905 713
0 4 4319 400014 580 330 905 713
0 4 4320 400014 573 328 898 714
0 4 4321 400014 573 328 898 714
0 4 4322 400014 570 320 892 713
0 4 4323 400014 570 320 892 713
0 4 4324 400014 563 308 877 714
0 4 4325 400014 563 308 877 714
0 4 4326 400014 562 300 842 714
0 4 4327 400014 562 299 842 714
0 4 4328 400014 555 292 814 712
0 4 4329 400014 554 292 814 712
0 4 4330 400014 551 288 798 712
0 4 4331 400014 550 288 798 712
0 4 4332 400014 545 287 792 712
0 4 4333 400014 545 287 792 712
0 4 4334 400014 540 282 792 713
0 4 4335 400014 540 282 792 713
0 4 4336 400014 527 276 793 712
0 4 4337 400014 527 276 793 712
0 4 4338 400014 513 273 793 712
0 4 4339 400014 513 273 793 712
0 4 4340 400014 486 268 791 712
0 4 4341 400014 486 268 791 712
0 4 4342 400014 480 261 783 711
0 4 4343 400014 480 261 783 711
0 4 4344 400014 477 255 776 712
0 4 4345 400014 477 255 776 712
0 4 4346 400014 478 249 771 711
0 4 4347 400014 478 249 771 711
0 4 4348 400014 482 246 771 711
0 4 4349 400014 482 246 771 711
0 4 4350 400014 487 241 776 712
0 4 4351 400014 487 241 776 712
0 4 4352 400014 495 243 783 712
0 4 4353 400014 495 243 783 712
0 4 4354 400014 506 240 792 712
0 4 4355 400014 506 240 792 712
0 4 4356 400014 520 237 805 712
0 4 4357 400014 520 237 805 712
0 4 4358 400014 539 237 818 712
0 4 4359 400014 539 237 818 712
0 4 4360 400014 560 235 830 713
0 4 4361 400014 560 235 830 713
0 4 4362 400014 581 227 840 713
0 4 4363 400014 581 227 840 713
0 4 4364 400014 595 222 847 713
0 4 4365 400014 595 222 847 713
0 4 4366 400014 603 214 850 713
0 4 4367 400014 603 214 850 713
0 4 4368 400014 612 210 855 712
0 4 4369 400014 612 210 855 712
0 4 4370 400014 621 206 860 712
0 4 4371 400014 621 206 860 712
0 4 4372 400014 627 204 864 711
0 4 4373 400014 627 204 864 711
0 4 4374 400014 635 204 867 711
0 4 4375 400014 635 204 866 711
0 4 4376 400014 648 203 870 712
0 4 4377 400014 648 203 870 712
0 4 4378 400014 657 201 873 712
0 4 4379 400014 657 201 873 712
0 4 4380 400014 668 197 878 712
0 4 4381 400014 668 197 878 712
0 4 4382 400014 685 189 882 713
0 4 4383 400014 685 189 882 713
0 4 4384 400014 694 181 887 711
0 4 4385 400014 694 181 887 711
0 4 4386 400014 703 176 891 712
0 4 4387 400014 703 176 891 712
0 4 4388 400014 711 171 898 711
0 4 4389 400014 711 171 898 711
0 4 4390 400014 721 169 901 711
0 4 4391 400014 721 169 901 711
0 4 4392 400014 731 168 900 711
0 4 4393 400014 731 168 900 711
0 4 4394 400014 744 169 899 715
0 4 4395 400014 744 169 899 715
0 4 4396 400014 755 171 899 713
0 4 4397 400014 755 171 899 713
0 4 4398 400014 757 171 903 699
0 4 4399 400014 757 171 902 699
0 4 4400 400014 764 168 909 686
0 4 4401 400014 764 168 909 686
0 4 4402 400014 776 163 917 660
0 4 4403 400014 776 163 917 660
0 4 4404 400014 792 157 924 644
0 4 4405 400014 792 157 924 644
0 4 4406 400014 795 153 935 644
0 4 4407 400014 795 153 935 644
0 4 4408 400014 796 151 938 645
0 4 4409 400014 796 151 938 645
0 4 4410 400014 796 151 939 645
0 4 4411 400014 796 151 939 645
0 4 4412 400014 795 152 939 645
0 4 4413 400014 795 152 939 645
0 4 4414 400014 794 152 936 644
0 4 4415 400014 794 152 936 644
0 4 4416 400014 790 150 932 635
0 4 4417 400014 790 150 932 635
0 4 4418 400014 785 147 928 625
0 4 4419 400014 785 147 928 625
0 4 4420 400014 783 143 924 609
0 4 4421 400014 783 143 924 609
0 4 4422 400014 782 141 921 583
0 4 4423 400014 782 141 921 583
0 4 4424 400014 781 136 919 570
0 4 4425 400014 781 136 919 570
0 4 4426 400014 782 133 915 569
0 4 4427 400014 782 133 915 569
0 4 4428 400014 782 132 911 570
0 4 4429 400014 782 132 911 570
0 4 4430 400014 781 133 907 571
0 4 4431 400014 781 133 907 571
0 4 4432 400014 782 134 900 571
0 4 4433 400014 782 134 900 571
0 4 4434 400014 782 135 895 566
0 4 4435 400014 782 135 895 566
0 4 4436 400014 781 133 888 557
0 4 4437 400014 781 133 888 557
0 4 4438 400014 782 130 878 547
0 4 4439 400014 782 130 878 547
0 4 4440 400014 781 128 867 520
0 4 4441 400014 781 128 867 520
0 4 4442 400014 781 127 854 525
0 4 4443 400014 781 127 854 525
0 4 4444 400014 781 139 842 515
0 4 4445 400014 781 139 842 515
0 4 4446 400014 782 182 831 512
0 4 4447 400014 782 182 831 512
0 4 4448 400014 783 193 823 511
0 4 4449 400014 783 193 823 511
0 4 4450 400014 784 206 821 508
0 4 4451 400014 784 206 821 508
0 4 4933 400014 784 299 836 486
0 4 4934 400014 784 299 836 486
0 4 5106 400014 894 146 951 352
0 4 5107 400014 894 145 951 352
0 4 5248 400014 898 287 948 589
0 4 5249 400014 898 287 948 588
0 4 5250 400014 899 216 950 588
0 4 5251 400014 899 216 950 588
0 4 5252 400014 900 211 950 593
0 4 5253 400014 900 211 950 593
0 4 5254 400014 897 205 950 593
0 4 5255 400014 896 151 950 593
0 4 5256 400014 896 149 950 592
0 4 5257 400014 896 145 950 592
0 4 5258 400014 896 145 950 592
0 4 5259 400014 897 145 950 593
0 4 5260 400014 897 145 950 593
0 4 5261 400014 899 145 950 593
0 4 5262 400014 899 145 950 593
0 4 5263 400014 899 206 951 594
0 4 5264 400014 899 181 950 593
0 4 5265 400014 900 206 951 593
0 4 5266 400014 900 206 951 593
0 4 5267 400014 907 206 950 593
0 4 5268 400014 907 206 950 592
0 4 5283 400014 782 148 841 496
0 4 5284 400014 782 149 841 496
0 4 5285 400014 783 127 869 497
0 4 5286 400014 783 127 869 497
0 4 5287 400014 784 127 875 496
0 4 5288 400014 783 127 875 496
0 4 5289 400014 783 128 878 499
0 4 5290 400014 783 128 878 499
0 4 5291 400014 783 127 878 499
0 4 5292 400014 783 127 878 500
0 4 5293 400014 783 125 878 500
0 4 5294 400014 783 125 878 500
0 4 5295 400014 783 125 881 501
0 4 5296 400014 783 125 881 501
0 4 5297 400014 796 124 895 504
0 4 5298 400014 796 124 895 504
0 4 5299 400014 814 123 916 510
0 4 5300 400014 814 123 917 510
0 4 5301 400014 823 123 920 517
0 4 5302 400014 823 123 920 517
0 4 5303 400014 828 124 925 517
0 4 5304 400014 828 124 925 517
0 4 5305 400014 827 126 926 517
0 4 5306 400014 827 126 926 517
0 4 5307 400014 828 126 928 520
0 4 5308 400014 828 126 928 520
0 4 5309 400014 830 127 932 519
0 4 5310 400014 830 127 932 519
0 4 5311 400014 840 128 938 516
0 4 5312 400014 840 128 938 516
0 4 5313 400014 855 127 945 512
0 4 5314 400014 855 127 945 512
0 4 5315 400014 875 127 951 505
0 4 5316 400014 871 127 951 511
0 4 5317 400014 892 126 951 517
0 4 5318 400014 892 126 951 517
0 4 5319 400014 900 126 951 363
0 4 5320 400014 900 126 951 363
0 4 5321 400014 901 127 950 350
0 4 5322 400014 901 127 950 350
0 4 5381 400014 876 240 949 533
0 4 5382 400014 876 240 949 533
0 4 5383 400014 868 230 948 522
0 4 5384 400014 868 230 948 522
0 4 5385 400014 867 228 948 517
0 4 5386 400014 867 228 948 517
0 4 5387 400014 868 236 950 519
0 4 5388 400014 868 234 950 519
0 4 5389 400014 867 111 951 519
0 4 5390 400014 867 111 951 519
0 4 5391 400014 867 107 951 519
0 4 5392 400014 867 107 951 519
0 4 5393 400014 867 105 951 519
0 4 5394 400014 867 105 951 519
0 4 5395 400014 867 106 952 519
0 4 5396 400014 867 106 952 519
0 4 5397 400014 866 106 951 519
0 4 5398 400014 866 106 951 519
0 4 5399 400014 865 107 951 519
0 4 5400 400014 864 107 951 519
0 4 5401 400014 861 106 950 519
0 4 5402 400014 861 106 950 519
0 4 5403 400014 852 108 949 519
0 4 5404 400014 852 108 949 519
0 4 5405 400014 830 110 940 518
0 4 5406 400014 830 110 940 518
0 4 5407 400014 796 111 930 518
0 4 5408 400014 796 111 930 518
0 4 5409 400014 783 112 923 520
0 4 5410 400014 783 112 923 520
0 4 5411 400014 783 113 922 520
0 4 5412 400014 783 113 922 520
0 4 5413 400014 783 117 921 519
0 4 5414 400014 783 117 921 519
0 4 5415 400014 782 118 919 519
0 4 5416 400014 782 117 919 519
0 4 5417 400014 782 111 916 518
0 4 5418 400014 782 111 916 518
0 4 5419 400014 781 108 903 517
0 4 5420 400014 781 108 903 517
0 4 5421 400014 781 106 884 517
0 4 5422 400014 781 107 884 517
0 4 5423 400014 780 103 863 518
0 4 5424 400014 779 103 863 516
0 4 5425 400014 779 100 833 517
0 4 5426 400014 779 100 833 517
0 4 5427 400014 780 101 819 516
0 4 5428 400014 780 101 819 516
0 4 5429 400014 782 112 811 513
0 4 5430 400014 782 112 811 513
0 4 5431 400014 782 164 803 513
0 4 5432 400014 782 165 804 513
0 4 5463 400014 782 110 846 495
0 4 5464 400014 782 110 846 495
0 4 5465 400014 779 107 851 500
0 4 5466 400014 779 107 851 500
0 4 5467 400014 781 106 851 500
0 4 5468 400014 781 106 851 500
0 4 5469 400014 783 105 852 500
0 4 5470 400014 782 105 852 500
0 4 5471 400014 783 104 863 500
0 4 5472 400014 783 104 863 500
0 4 5473 400014 783 103 884 500
0 4 5474 400014 783 103 884 500
0 4 5475 400014 787 103 895 501
0 4 5476 400014 787 103 895 501
0 4 5477 400014 795 104 931 502
0 4 5478 400014 795 104 931 502
0 4 5479 400014 802 106 935 506
0 4 5480 400014 802 106 935 506
0 4 5481 400014 805 110 934 515
0 4 5482 400014 805 110 934 515
0 4 5483 400014 807 111 934 519
0 4 5484 400014 807 111 934 518
0 4 5485 400014 818 111 939 519
0 4 5486 400014 817 111 939 518
0 4 5487 400014 839 110 948 518
0 4 5488 400014 839 110 948 518
0 4 5489 400014 857 109 952 519
0 4 5490 400014 857 109 952 519
0 4 5491 400014 872 110 950 532
0 4 5492 400014 872 110 950 532
0 4 5493 400014 886 110 950 519
0 4 5494 400014 886 110 950 519
0 4 5495 400014 894 118 950 519
0 4 5496 400014 895 119 949 519
0 4 5497 400014 895 187 949 519
0 4 5498 400014 895 187 949 519
0 4 5808 400014 914 134 951 409
0 4 5809 400014 915 134 950 394
0 4 4157 400017 846 288 948 531
0 4 4158 400017 846 288 948 531
0 4 4159 400018 843 109 951 535
0 4 4160 400018 843 109 951 535
0 4 4161 400018 843 107 952 536
0 4 4162 400018 843 107 952 536
0 4 4163 400018 842 104 952 536
0 4 4164 400018 842 104 953 536
0 4 4165 400018 842 104 951 536
0 4 4166 400018 842 104 951 536
0 4 4167 400018 842 102 943 536
0 4 4168 400018 842 102 942 536
0 4 4169 400018 842 102 933 536
0 4 4170 400018 842 102 933 536
0 4 4171 400018 828 101 922 536
0 4 4172 400018 828 101 922 536
0 4 4173 400018 808 101 911 536
0 4 4174 400018 808 101 911 536
0 4 4175 400018 792 102 901 535
0 4 4176 400018 792 102 901 535
0 4 4177 400018 785 104 900 536
0 4 4178 400018 785 104 900 536
0 4 4179 400018 784 107 900 536
0 4 4180 400018 784 107 900 536
0 4 4181 400018 784 107 898 537
0 4 4182 400018 784 107 898 537
0 4 4183 400018 781 105 892 536
0 4 4184 400018 781 105 892 536
0 4 4185 400018 780 103 883 534
0 4 4186 400018 780 103 883 534
0 4 4188 400018 780 102 823 418
0 4 4189 400018 781 110 813 419
0 4 4190 400018 781 109 813 419
0 4 4627 400020 864 110 949 522
0 4 4628 400020 864 110 949 522
0 4 4629 400020 833 111 950 534
0 4 4630 400020 833 111 950 534
0 4 4631 400020 824 114 950 544
0 4 4632 400020 824 113 950 545
0 4 4633 400020 818 113 950 549
0 4 4634 400020 818 113 950 549
0 4 4635 400020 817 111 942 551
0 4 4636 400020 817 111 942 551
0 4 4637 400020 817 109 937 551
0 4 4638 400020 817 109 937 551
0 4 4639 400020 816 107 930 542
0 4 4640 400020 816 107 930 542
0 4 4641 400020 812 107 904 537
0 4 4642 400020 812 107 904 537
0 4 4643 400020 791 106 892 543
0 4 4644 400020 791 106 892 543
0 4 4645 400020 782 106 880 540
0 4 4646 400020 782 106 880 540
0 4 4647 400020 783 108 871 535
0 4 4648 400020 783 108 871 535
0 4 4649 400020 780 110 869 533
0 4 4650 400020 781 110 869 533
0 4 4651 400020 779 114 867 529
0 4 4652 400020 779 114 867 529
0 4 4653 400020 780 113 862 526
0 4 4654 400020 781 112 862 526
0 4 4655 400020 782 171 849 521
0 4 4656 400020 782 171 848 521
0 4 4935 400020 784 245 836 486
0 4 4936 400020 779 102 838 486
0 4 4937 400020 779 102 838 486
0 4 4938 400020 781 99 837 487
0 4 4939 400020 780 99 837 487
0 4 4940 400020 782 98 846 488
0 4 4941 400020 782 98 846 488
0 4 4942 400020 782 96 868 504
0 4 4943 400020 782 96 868 504
0 4 4944 400020 783 95 881 507
0 4 4945 400020 783 95 881 507
0 4 4946 400020 784 98 910 504
0 4 4947 400020 784 98 910 504
0 4 4948 400020 784 100 930 501
0 4 4949 400020 784 100 930 501
0 4 4950 400020 784 102 935 501
0 4 4951 400020 784 102 935 501
0 4 4952 400020 784 102 938 507
0 4 4953 400020 784 102 938 507
0 4 4954 400020 787 102 938 508
0 4 4955 400020 787 102 938 508
0 4 4956 400020 795 101 943 504
0 4 4957 400020 795 101 943 504
0 4 4958 400020 810 97 948 503
0 4 4959 400020 810 97 948 503
0 4 4960 400020 828 97 947 507
0 4 4961 400020 828 97 947 507
0 4 4962 400020 848 95 945 504
0 4 4963 400020 848 95 945 504
0 4 4964 400020 872 94 951 508
0 4 4965 400020 872 94 951 508
0 4 4966 400020 892 95 951 509
0 4 4967 400020 892 95 951 509
0 4 4968 400020 891 94 951 509
0 4 4969 400020 891 94 951 509
0 4 4970 400020 891 96 951 510
0 4 4971 400020 891 96 951 510
0 4 4972 400020 892 101 951 510
0 4 4973 400020 892 101 951 510
0 4 4974 400020 891 152 951 510
0 4 4975 400020 891 152 951 510
0 4 4976 400020 893 169 950 510
0 4 4977 400020 893 168 950 510
0 4 4978 400020 893 177 950 510
0 4 4979 400020 893 177 950 510
0 4 4980 400020 893 183 949 509
0 4 4981 400020 893 183 949 509
0 4 5107 400020 878 144 951 584
0 4 5108 400020 876 142 950 585
0 4 5109 400020 876 142 950 585
0 4 5110 400020 866 140 950 584
0 4 5111 400020 866 140 950 584
0 4 5112 400020 852 139 951 585
0 4 5113 400020 852 139 951 585
0 4 5114 400020 840 138 948 586
0 4 5115 400020 840 138 949 586
0 4 5116 400020 827 137 943 586
0 4 5117 400020 827 137 943 586
0 4 5118 400020 812 140 931 584
0 4 5119 400020 812 140 931 584
0 4 5120 400020 783 143 928 583
0 4 5121 400020 784 143 928 583
0 4 5122 400020 783 145 929 582
0 4 5123 400020 783 145 929 582
0 4 5124 400020 781 143 927 582
0 4 5125 400020 781 143 927 582
0 4 5126 400020 782 139 912 579
0 4 5127 400020 782 139 912 579
0 4 5128 400020 781 136 889 575
0 4 5129 400020 781 136 889 575
0 4 5130 400020 780 134 856 574
0 4 5131 400020 780 134 856 574
0 4 5132 400020 781 134 834 570
0 4 5133 400020 781 134 834 570
0 4 5134 400020 780 140 826 559
0 4 5135 400020 780 140 826 559
0 4 5136 400020 783 200 816 558
0 4 5137 400020 783 200 816 558
0 4 5309 400020 887 234 948 596
0 4 5310 400020 887 234 948 596
0 4 5311 400020 884 236 948 602
0 4 5312 400020 884 235 948 602
0 4 5313 400020 881 237 949 604
0 4 5314 400020 881 237 949 604
0 4 5315 400020 879 231 952 605
0 4 5316 400020 879 231 952 605
0 4 5317 400020 874 229 951 606
0 4 5318 400020 874 229 951 606
0 4 5319 400020 871 220 951 608
0 4 5320 400020 871 220 951 608
0 4 5321 400020 871 210 950 609
0 4 5322 400020 871 209 950 609
0 4 5323 400020 871 161 950 609
0 4 5324 400020 871 164 950 609
0 4 5325 400020 872 137 950 609
0 4 5326 400020 872 137 950 609
0 4 5327 400020 871 141 952 608
0 4 5328 400020 871 141 952 609
0 4 5329 400020 870 141 951 609
0 4 5330 400020 870 141 951 609
0 4 5331 400020 868 141 952 610
0 4 5332 400020 868 141 952 609
0 4 5333 400020 862 140 952 609
0 4 5334 400020 862 140 952 609
0 4 5335 400020 855 139 952 610
0 4 5336 400020 855 139 952 610
0 4 5337 400020 848 140 951 610
0 4 5338 400020 848 140 951 610
0 4 5339 400020 842 141 950 610
0 4 5340 400020 843 141 950 610
0 4 5341 400020 838 141 950 609
0 4 5342 400020 838 141 950 609
0 4 5343 400020 834 141 950 608
0 4 5344 400020 834 141 950 608
0 4 5345 400020 828 141 949 605
0 4 5346 400020 828 141 949 605
0 4 5347 400020 822 143 948 604
0 4 5348 400020 822 143 948 604
0 4 5349 400020 815 143 942 598
0 4 5350 400020 815 143 942 598
0 4 5351 400020 807 138 929 596
0 4 5352 400020 807 138 929 596
0 4 5353 400020 799 137 917 590
0 4 5354 400020 799 137 917 589
0 4 5355 400020 791 132 905 570
0 4 5356 400020 791 132 905 570
0 4 5357 400020 788 128 886 555
0 4 5358 400020 788 128 886 555
0 4 5359 400020 788 126 874 547
0 4 5360 400020 788 126 874 547
0 4 5361 400020 782 125 873 537
0 4 5362 400020 782 125 873 537
0 4 5363 400020 781 126 872 535
0 4 5364 400020 781 126 872 535
0 4 5365 400020 781 128 872 532
0 4 5366 400020 781 128 872 532
0 4 5367 400020 781 131 871 528
0 4 5368 400020 781 131 871 528
0 4 5369 400020 782 137 867 526
0 4 5370 400020 782 137 867 526
0 4 5371 400020 783 195 855 517
0 4 5372 400020 783 195 855 517
0 4 5386 400020 867 327 948 517
0 4 5461 400020 784 237 840 488
0 4 5462 400020 784 237 840 488
0 4 5782 400020 782 192 824 551
0 4 5783 400020 782 192 824 551
0 4 5784 400020 784 199 853 545
0 4 5785 400020 784 199 853 545
0 4 5786 400020 781 147 861 559
0 4 5787 400020 781 146 861 559
0 4 5788 400020 783 132 863 559
0 4 5789 400020 783 132 863 559
0 4 5790 400020 783 131 865 558
0 4 5791 400020 783 131 865 558
0 4 5792 400020 784 128 881 558
0 4 5793 400020 784 128 881 558
0 4 5794 400020 805 126 896 559
0 4 5795 400020 805 126 896 559
0 4 5796 400020 808 126 916 557
0 4 5797 400020 808 126 915 557
0 4 5798 400020 809 128 934 558
0 4 5799 400020 809 128 934 558
0 4 5800 400020 810 134 947 558
0 4 5801 400020 810 134 947 558
0 4 5802 400020 817 136 948 558
0 4 5803 400020 817 136 948 558
0 4 5804 400020 837 136 950 556
0 4 5805 400020 837 136 950 556
0 4 5806 400020 867 134 951 559
0 4 5807 400020 867 134 951 559
0 4 6017 400020 783 220 849 510
0 4 6018 400020 783 220 849 510
0 4 6019 400020 784 226 869 512
0 4 6020 400020 784 226 869 512
0 4 6021 400020 781 124 879 519
0 4 6022 400020 781 124 879 519
0 4 6023 400020 782 106 880 526
0 4 6024 400020 782 104 880 526
0 4 6025 400020 780 105 881 529
0 4 6026 400020 780 105 881 529
0 4 6027 400020 782 102 886 529
0 4 6028 400020 782 102 886 529
0 4 6029 400020 785 96 897 529
0 4 6030 400020 785 96 897 529
0 4 6031 400020 797 95 905 529
0 4 6032 400020 797 95 905 529
0 4 6033 400020 809 95 917 529
0 4 6034 400020 809 95 917 529
0 4 6035 400020 823 97 938 529
0 4 6036 400020 824 97 938 530
0 4 6037 400020 828 102 944 530
0 4 6038 400020 828 102 944 530
0 4 6039 400020 829 106 949 530
0 4 6040 400020 829 106 949 530
0 4 6041 400020 828 107 950 530
0 4 6042 400020 828 107 950 530
0 4 6043 400020 830 108 952 530
0 4 6044 400020 830 108 952 530
0 4 6045 400020 845 107 950 530
0 4 6046 400020 845 107 951 530
0 4 6900 400020 781 131 836 568
0 4 6901 400020 781 131 836 568
0 4 6902 400020 781 130 844 565
0 4 6903 400020 781 130 844 565
0 4 6904 400020 782 134 852 571
0 4 6905 400020 782 134 852 571
0 4 6906 400020 783 135 860 573
0 4 6907 400020 783 135 860 573
0 4 6908 400020 782 135 867 572
0 4 6909 400020 781 135 867 574
0 4 6910 400020 782 134 875 572
0 4 6911 400020 782 134 875 572
0 4 6912 400020 782 134 882 572
0 4 6913 400020 782 134 882 572
0 4 6914 400020 783 134 890 573
0 4 6915 400020 783 134 890 573
0 4 6916 400020 783 135 898 572
0 4 6917 400020 783 135 898 572
0 4 6918 400020 787 133 905 573
0 4 6919 400020 787 133 905 573
0 4 6920 400020 791 133 912 572
0 4 6921 400020 791 133 912 572
0 4 6922 400020 791 134 920 571
0 4 6923 400020 791 134 920 571
0 4 6924 400020 792 136 928 572
0 4 6925 400020 792 136 928 572
0 4 6926 400020 792 140 936 572
0 4 6927 400020 792 140 936 572
0 4 6928 400020 792 141 944 572
0 4 6929 400020 792 141 944 572
0 4 6930 400020 795 139 948 572
0 4 6931 400020 795 139 948 572
0 4 6932 400020 801 138 949 572
0 4 6933 400020 801 138 949 572
0 4 6934 400020 813 138 950 577
0 4 6935 400020 813 138 950 577
0 4 6936 400020 829 137 950 580
0 4 6937 400020 829 137 950 580
0 4 6938 400020 853 137 949 586
0 4 6939 400020 854 137 949 586
0 4 6940 400020 860 136 950 588
0 4 6941 400020 860 136 950 588
0 4 6942 400020 861 136 950 584
0 4 6943 400020 861 136 950 584
0 4 6944 400020 861 136 951 585
0 4 6945 400020 861 136 951 585
0 4 6946 400020 861 136 951 572
0 4 6947 400020 861 136 951 572
0 4 6948 400020 862 137 951 569
0 4 6949 400020 862 137 951 569
0 4 6950 400020 862 136 951 569
0 4 6951 400020 862 136 951 569
0 4 6952 400020 862 136 951 570
0 4 6953 400020 862 136 951 570
0 4 6954 400020 863 135 951 570
0 4 6955 400020 863 135 951 570
0 4 6956 400020 864 135 951 570
0 4 6957 400020 864 135 951 571
0 4 6958 400020 865 134 951 571
0 4 6959 400020 865 134 951 571
0 4 6960 400020 865 135 951 570
0 4 6961 400020 865 135 951 570
0 4 6962 400020 864 135 951 570
0 4 6963 400020 864 135 951 569
0 4 6964 400020 860 135 951 566
0 4 6965 400020 860 135 951 566
0 4 6966 400020 855 135 950 559
0 4 6967 400020 855 135 950 559
0 4 6968 400020 851 135 950 552
0 4 6969 400020 851 135 950 553
0 4 6970 400020 848 135 950 545
0 4 6971 400020 848 135 950 545
0 4 6972 400020 847 136 950 536
0 4 6973 400020 847 136 950 536
0 4 6974 400020 848 136 951 530
0 4 6975 400020 848 136 951 530
0 4 6976 400020 849 137 951 526
0 4 6977 400020 849 137 951 526
0 4 6978 400020 850 139 951 523
0 4 6979 400020 850 139 951 523
0 4 6980 400020 851 140 951 521
0 4 6981 400020 851 140 951 521
0 4 6982 400020 851 138 951 578
0 4 6983 400020 851 138 951 578
0 4 6984 400020 851 135 952 579
0 4 6985 400020 851 135 952 579
0 4 6986 400020 851 132 950 577
0 4 6987 400020 851 132 950 577
0 4 6988 400020 849 128 949 564
0 4 6989 400020 849 128 949 564
0 4 6990 400020 839 126 949 551
0 4 6991 400020 839 126 949 551
0 4 6992 400020 843 125 950 542
0 4 6993 400020 843 125 950 542
0 4 6994 400020 847 125 949 533
0 4 6995 400020 847 125 949 533
0 4 6996 400020 848 126 950 533
0 4 6997 400020 848 126 950 533
0 4 6998 400020 847 127 949 533
0 4 6999 400020 847 127 949 533
0 4 7000 400020 848 127 949 533
0 4 7001 400020 848 127 949 533
0 4 7002 400020 848 127 950 533
0 4 7003 400020 848 127 950 533
0 4 7004 400020 849 127 949 532
0 4 7005 400020 849 127 949 532
0 4 7006 400020 849 127 950 533
0 4 7007 400020 849 127 950 533
0 4 7008 400020 848 128 950 532
0 4 7009 400020 848 128 950 532
0 4 7010 400020 848 130 951 533
0 4 7011 400020 848 130 951 533
0 4 7012 400020 849 129 952 532
0 4 7013 400020 849 129 952 532
0 4 7014 400020 849 127 952 527
0 4 7015 400020 849 127 952 527
0 4 7016 400020 848 125 951 514
0 4 7017 400020 848 125 951 514
0 4 7018 400020 858 122 951 498
0 4 7019 400020 858 122 951 498
0 4 7020 400020 877 122 950 489
0 4 7021 400020 877 122 950 489
0 4 7022 400020 902 122 950 481
0 4 7023 400020 902 122 950 481
0 4 7024 400020 908 124 949 412
0 4 7025 400020 908 124 949 412
0 4 7026 400020 915 126 950 399
0 4 7027 400020 915 127 950 398
0 4 7030 400020 923 138 950 368
0 4 7031 400020 923 138 950 368
0 4 7032 400020 928 186 949 363
0 4 7033 400020 927 186 949 363
0 4 7034 400020 929 188 949 354
0 4 7035 400020 929 188 949 354
0 4 7616 400020 914 127 950 450
0 4 7617 400020 914 127 950 450
0 4 7618 400020 872 127 951 507
0 4 7619 400020 872 127 951 507
0 4 7620 400020 852 129 951 510
0 4 7621 400020 852 129 951 510
0 4 7622 400020 849 129 951 510
0 4 7623 400020 849 129 951 510
0 4 7624 400020 849 128 950 509
0 4 7625 400020 849 128 950 509
0 4 7626 400020 848 125 951 510
0 4 7627 400020 848 125 951 510
0 4 7628 400020 841 125 951 510
0 4 7629 400020 841 125 951 510
0 4 7630 400020 831 125 951 536
0 4 7631 400020 831 125 951 536
0 4 7632 400020 822 124 949 537
0 4 7633 400020 822 124 949 537
0 4 7634 400020 817 124 946 540
0 4 7635 400020 817 124 946 540
0 4 7636 400020 814 124 944 543
0 4 7637 400020 814 124 944 543
0 4 7638 400020 813 124 942 545
0 4 7639 400020 813 124 942 545
0 4 7640 400020 815 125 941 546
0 4 7641 400020 815 125 941 546
0 4 7642 400020 821 126 940 546
0 4 7643 400020 821 126 940 546
0 4 7644 400020 828 126 940 545
0 4 7645 400020 828 126 940 545
0 4 7646 400020 829 127 940 546
0 4 7647 400020 829 127 940 546
0 4 7648 400020 830 128 941 546
0 4 7649 400020 830 128 941 546
0 4 7650 400020 830 129 942 546
0 4 7651 400020 830 129 942 546
0 4 7652 400020 828 130 943 546
0 4 7653 400020 828 130 943 546
0 4 7654 400020 826 132 943 546
0 4 7655 400020 826 132 943 546
0 4 7656 400020 822 133 943 552
0 4 7657 400020 822 133 943 552
0 4 7658 400020 820 133 943 572
0 4 7659 400020 820 133 943 572
0 4 7660 400020 819 135 943 583
0 4 7661 400020 819 135 943 583
0 4 7662 400020 818 135 941 585
0 4 7663 400020 818 135 941 585
0 4 7664 400020 819 136 941 585
0 4 7665 400020 819 136 941 585
0 4 7666 400020 821 136 940 585
0 4 7667 400020 821 136 940 585
0 4 7668 400020 823 136 938 585
0 4 7669 400020 823 135 938 585
0 4 7670 400020 825 136 937 586
0 4 7671 400020 825 135 937 586
0 4 7672 400020 827 137 935 586
0 4 7673 400020 827 137 935 586
0 4 7674 400020 831 137 933 587
0 4 7675 400020 831 137 933 587
0 4 7676 400020 836 137 933 586
0 4 7677 400020 836 137 933 586
0 4 7678 400020 838 137 934 587
0 4 7679 400020 838 137 934 587
0 4 7680 400020 837 137 936 586
0 4 7681 400020 837 137 936 586
0 4 7682 400020 837 137 941 585
0 4 7683 400020 837 137 941 585
0 4 7684 400020 838 136 947 586
0 4 7685 400020 838 136 947 586
0 4 7686 400020 838 138 951 586
0 4 7687 400020 838 138 951 586
0 4 7688 400020 839 137 952 585
0 4 7689 400020 839 137 952 585
0 4 7690 400020 838 137 952 586
0 4 7691 400020 838 137 952 586
0 4 7692 400020 840 137 952 585
0 4 7693 400020 840 137 952 585
0 4 7694 400020 846 137 951 584
0 4 7695 400020 846 137 951 584
0 4 7696 400020 854 137 951 583
0 4 7697 400020 854 137 952 583
0 4 7698 400020 866 137 952 584
0 4 7699 400020 866 137 952 584
0 4 7700 400020 884 142 952 588
0 4 7701 400020 884 142 952 587
0 4 7702 400020 901 148 951 576
0 4 7703 400020 901 147 951 576
0 4 7704 400020 901 196 949 562
0 4 7705 400020 901 196 949 562
0 4 7706 400020 901 205 950 562
0 4 7707 400020 901 205 950 561
0 4 8228 400020 927 177 949 389
0 4 8229 400020 927 177 949 390
0 4 5267 400026 918 206 951 443
0 4 5268 400026 918 205 951 444
0 4 5269 400026 919 206 950 444
0 4 5270 400026 919 206 949 444
0 4 5271 400026 919 207 950 443
0 4 5272 400026 919 207 950 442
0 4 5273 400026 918 208 950 442
0 4 5274 400026 919 207 950 442
0 4 5275 400026 918 208 950 443
0 4 5276 400026 918 208 950 443
0 4 5277 400026 918 208 950 442
0 4 5278 400026 918 208 950 442
0 4 5279 400026 919 209 950 443
0 4 5280 400026 919 208 950 441
0 4 5281 400026 920 209 950 440
0 4 5282 400026 920 209 950 440
0 4 5283 400026 919 210 950 440
0 4 5284 400026 919 210 950 440
0 4 5285 400026 917 210 950 440
0 4 5286 400026 917 210 950 440
0 4 5287 400026 914 213 950 439
0 4 5288 400026 914 213 950 439
0 4 5289 400026 914 212 950 440
0 4 5290 400026 914 212 950 440
0 4 5291 400026 914 214 950 440
0 4 5292 400026 914 213 950 440
0 4 5293 400026 915 213 950 441
0 4 5294 400026 915 213 950 441
0 4 5295 400026 916 214 950 442
0 4 5296 400026 916 214 950 442
0 4 5297 400026 917 216 950 441
0 4 5298 400026 917 217 950 441
0 4 5299 400026 919 218 950 440
0 4 5300 400026 919 218 950 440
0 4 5301 400026 922 221 950 444
0 4 5302 400026 922 221 950 444
0 4 5303 400026 924 224 950 446
0 4 5304 400026 924 223 950 447
0 4 5305 400026 924 227 950 448
0 4 5306 400026 924 227 950 448
0 4 5307 400026 925 229 950 447
0 4 5308 400026 923 231 950 449
0 4 5323 400028 922 132 950 236
0 4 5324 400028 922 132 950 236
0 4 7028 400033 910 128 950 470
0 4 7029 400033 908 129 950 471
0 4 7233 400034 869 469 937 551
0 4 7234 400034 869 469 937 551
0 4 7235 400035 865 226 949 555
0 4 7236 400035 865 225 950 555
0 4 7237 400035 865 136 949 555
0 4 7238 400035 865 135 949 555
0 4 7239 400035 865 119 951 555
0 4 7240 400035 865 119 951 555
0 4 7241 400035 865 114 950 555
0 4 7242 400035 865 114 950 555
0 4 7243 400035 864 112 951 554
0 4 7244 400035 863 113 950 554
0 4 7245 400035 863 110 950 553
0 4 7246 400035 863 110 950 553
0 4 7247 400035 849 110 951 554
0 4 7248 400035 849 110 950 554
0 4 7249 400035 815 110 951 555
0 4 7250 400035 815 110 951 555
0 4 7251 400035 788 111 946 555
0 4 7252 400035 788 111 946 555
0 4 7253 400035 783 113 935 554
0 4 7254 400035 783 113 935 554
0 4 7255 400035 782 112 923 555
0 4 7256 400035 782 112 923 555
0 4 7257 400035 782 115 921 555
0 4 7258 400035 782 115 921 555
0 4 7259 400035 782 114 913 555
0 4 7260 400035 781 114 914 555
0 4 7261 400035 781 112 895 550
0 4 7262 400035 781 112 895 550
0 4 7263 400035 781 110 872 547
0 4 7264 400035 781 110 872 547
0 4 7265 400035 782 109 857 550
0 4 7266 400035 781 109 857 550
0 4 7267 400035 781 109 844 540
0 4 7268 400035 781 109 844 540
0 4 7269 400035 780 110 831 540
0 4 7270 400035 780 110 831 540
0 4 7271 400035 780 112 819 539
0 4 7272 400035 780 112 819 539
0 4 7273 400035 782 179 814 539
0 4 7274 400035 782 179 814 539
0 4 7275 400035 782 195 813 533
0 4 7276 400035 782 195 813 533
0 4 7616 400035 907 127 951 508
0 4 7617 400035 907 127 951 508
0 4 7481 400036 924 189 951 331
0 4 7482 400036 924 190 951 332
0 4 7483 400036 924 188 951 333
0 4 8202 400037 781 109 877 532
0 4 8203 400037 781 109 877 532
0 4 8204 400037 782 111 894 530
0 4 8205 400037 782 111 894 530
0 4 8206 400037 782 113 905 537
0 4 8207 400037 782 113 905 537
0 4 8208 400037 781 114 911 537
0 4 8209 400037 781 114 911 537
0 4 8210 400037 783 112 911 536
0 4 8211 400037 783 112 911 536
0 4 8212 400037 803 110 912 537
0 4 8213 400037 803 110 912 537
0 4 8214 400037 829 108 925 538
0 4 8215 400037 829 108 925 538
0 4 8216 400037 842 109 942 536
0 4 8217 400037 842 109 942 536
0 4 8218 400037 845 108 945 537
0 4 8219 400037 845 109 945 537
0 4 8220 400037 845 111 949 538
0 4 8221 400037 845 111 949 538
0 4 8222 400037 846 115 951 538
0 4 8223 400037 846 115 951 538
0 4 8224 400037 849 116 951 538
0 4 8225 400037 849 116 951 538
0 4 8226 400037 860 119 950 537
0 4 8227 400037 860 119 950 537
0 4 8228 400037 883 178 948 537
0 4 8229 400037 883 178 948 537
