1 5 3534 1500001 512 328 560 451
1 5 3535 1500001 508 222 561 450
1 5 3536 1500001 505 158 561 450
1 5 3537 1500001 505 158 561 450
1 5 3538 1500001 503 156 561 450
1 5 3539 1500001 503 154 561 450
1 5 3540 1500001 503 151 561 450
1 5 3541 1500001 503 151 562 450
1 5 3542 1500001 505 149 571 450
1 5 3543 1500001 505 148 582 451
1 5 3544 1500001 506 148 594 451
1 5 3545 1500001 506 150 603 456
1 5 3546 1500001 506 150 603 456
1 5 3547 1500001 506 152 609 464
1 5 3548 1500001 507 153 614 469
1 5 3549 1500001 507 155 618 475
1 5 3550 1500001 509 156 621 478
1 5 3551 1500001 508 157 624 479
1 5 3552 1500001 509 157 624 479
1 5 3553 1500001 514 157 624 479
1 5 3554 1500001 516 158 624 479
1 5 3555 1500001 518 159 624 479
1 5 3556 1500001 518 159 624 479
1 5 3557 1500001 521 159 625 479
1 5 3558 1500001 526 160 625 479
1 5 3559 1500001 529 160 625 480
1 5 3560 1500001 532 161 626 484
1 5 3561 1500001 537 165 629 506
1 5 3562 1500001 539 167 632 506
1 5 3563 1500001 541 171 633 522
1 5 3564 1500001 542 172 640 520
1 5 3565 1500001 542 172 640 520
1 5 3566 1500001 543 178 640 542
1 5 3567 1500001 543 180 640 543
1 5 3568 1500001 542 181 640 543
1 5 3569 1500001 539 183 640 545
1 5 3570 1500001 539 183 641 544
1 5 3571 1500001 537 183 640 545
1 5 3572 1500001 537 183 640 544
1 5 3573 1500001 536 186 639 555
1 5 3574 1500001 534 188 639 572
1 5 3575 1500001 534 188 639 572
1 5 3576 1500001 533 190 638 587
1 5 3577 1500001 530 193 639 607
1 5 3578 1500001 529 196 641 614
1 5 3579 1500001 527 198 640 618
1 5 3580 1500001 525 201 641 619
1 5 3581 1500001 522 203 640 619
1 5 3582 1500001 520 204 639 619
1 5 3583 1500001 514 206 632 620
1 5 3584 1500001 514 206 632 620
1 5 3585 1500001 510 206 625 619
1 5 3586 1500001 507 206 616 619
1 5 3587 1500001 499 207 608 619
1 5 3588 1500001 496 210 608 620
1 5 3589 1500001 498 213 608 620
1 5 3590 1500001 500 223 608 619
1 5 3591 1500001 505 278 606 619
1 5 3592 1500001 505 296 604 620
1 5 3593 1500001 508 309 601 620
1 5 3594 1500001 508 309 601 620
1 5 3595 1500001 506 316 593 621
