1 1 18 1100002 372 79 440 185
1 1 19 1100002 372 79 440 184
1 1 20 1100002 371 78 440 185
1 1 21 1100002 371 78 440 184
1 1 22 1100002 371 79 440 184
1 1 23 1100002 372 79 440 185
1 1 25 1100002 371 79 440 185
1 1 26 1100002 372 79 440 184
1 1 27 1100002 371 78 440 185
1 1 28 1100002 371 78 440 185
1 1 29 1100002 371 78 440 185
1 1 30 1100002 371 79 440 185
1 1 31 1100002 371 79 440 185
1 1 32 1100002 371 79 440 185
1 1 33 1100002 371 79 440 186
1 1 34 1100002 371 79 440 186
1 1 35 1100002 372 79 440 184
1 1 36 1100002 371 78 440 188
1 1 37 1100002 371 78 440 188
1 1 38 1100002 371 79 440 189
1 1 39 1100002 371 79 440 191
1 1 40 1100002 371 79 440 190
1 1 42 1100002 371 79 440 189
1 1 43 1100002 371 79 440 189
1 1 44 1100002 371 79 440 189
1 1 45 1100002 371 78 440 190
1 1 46 1100002 371 79 440 190
1 1 68 1100002 371 79 440 188
1 1 72 1100002 372 79 440 186
1 1 79 1100002 371 79 440 190
1 1 80 1100002 371 79 440 188
1 1 81 1100002 371 79 440 192
1 1 82 1100002 372 79 440 186
1 1 83 1100002 371 79 440 192
1 1 84 1100002 371 79 440 185
1 1 85 1100002 371 79 440 185
1 1 86 1100002 371 79 440 184
1 1 87 1100002 371 79 440 184
1 1 88 1100002 371 79 440 188
1 1 89 1100002 371 79 440 191
1 1 90 1100002 371 79 440 191
1 1 91 1100002 371 79 440 190
1 1 92 1100002 372 79 440 185
1 1 93 1100002 372 79 440 185
1 1 94 1100002 372 79 440 186
1 1 95 1100002 371 79 440 193
1 1 96 1100002 371 79 440 185
1 1 97 1100002 371 79 440 185
1 1 98 1100002 371 79 440 186
1 1 99 1100002 372 79 440 185
1 1 100 1100002 372 79 440 184
1 1 101 1100002 371 78 440 188
1 1 102 1100002 372 78 440 189
1 1 103 1100002 371 78 441 191
1 1 104 1100002 372 79 440 184
1 1 105 1100002 372 79 440 184
1 1 106 1100002 372 79 440 184
1 1 107 1100002 372 79 440 184
1 1 108 1100002 371 79 440 186
1 1 109 1100002 372 79 440 184
1 1 110 1100002 372 79 440 185
1 1 111 1100002 372 79 440 184
1 1 112 1100002 372 79 440 184
1 1 113 1100002 371 79 440 186
1 1 114 1100002 371 79 440 184
1 1 115 1100002 371 78 440 184
1 1 116 1100002 371 79 441 184
1 1 117 1100002 372 79 441 184
1 1 118 1100002 371 79 440 183
1 1 119 1100002 371 79 440 184
1 1 120 1100002 371 79 440 185
1 1 121 1100002 372 79 440 189
1 1 122 1100002 372 79 440 190
1 1 123 1100002 371 79 440 186
1 1 124 1100002 372 79 440 185
1 1 125 1100002 372 79 440 184
1 1 126 1100002 372 79 441 185
1 1 127 1100002 372 79 441 184
1 1 128 1100002 372 79 441 184
1 1 129 1100002 372 79 440 185
1 1 130 1100002 372 79 440 185
1 1 131 1100002 372 79 440 186
1 1 132 1100002 372 78 441 192
1 1 133 1100002 372 79 440 187
1 1 134 1100002 372 79 440 187
1 1 135 1100002 372 79 440 182
1 1 136 1100002 372 79 440 182
1 1 137 1100002 372 79 440 182
1 1 138 1100002 372 79 440 186
1 1 142 1100002 371 79 440 186
1 1 177 1100002 372 79 440 189
1 1 178 1100002 372 79 440 184
1 1 179 1100002 372 79 440 185
1 1 193 1100002 371 79 440 186
1 1 194 1100002 371 79 440 186
1 1 195 1100002 371 79 440 186
1 1 196 1100002 371 79 440 187
1 1 197 1100002 371 79 440 186
1 1 198 1100002 371 79 440 186
1 1 199 1100002 371 78 440 186
1 1 200 1100002 371 78 440 185
1 1 201 1100002 371 78 440 185
1 1 202 1100002 371 78 440 185
1 1 203 1100002 371 78 440 186
1 1 204 1100002 371 78 440 186
1 1 205 1100002 371 78 440 187
1 1 206 1100002 371 78 440 186
1 1 207 1100002 372 79 440 184
1 1 208 1100002 371 79 440 184
1 1 209 1100002 371 79 440 184
1 1 210 1100002 371 79 440 184
1 1 211 1100002 371 79 440 184
1 1 212 1100002 371 79 440 184
1 1 213 1100002 371 78 440 185
1 1 214 1100002 371 78 440 185
1 1 215 1100002 371 78 440 184
1 1 216 1100002 371 79 440 184
1 1 217 1100002 371 79 440 185
1 1 218 1100002 371 78 440 185
1 1 219 1100002 371 79 440 184
1 1 220 1100002 371 79 440 184
1 1 221 1100002 371 79 440 185
1 1 222 1100002 371 79 440 184
1 1 223 1100002 371 78 440 185
1 1 224 1100002 371 78 440 185
1 1 225 1100002 371 78 440 185
1 1 226 1100002 371 78 440 185
1 1 227 1100002 371 79 440 184
1 1 228 1100002 371 79 440 185
1 1 229 1100002 371 79 440 186
1 1 230 1100002 371 79 440 184
1 1 231 1100002 371 78 440 187
1 1 232 1100002 371 78 440 187
1 1 233 1100002 371 78 440 186
1 1 234 1100002 371 79 440 184
1 1 235 1100002 371 79 440 184
1 1 236 1100002 371 79 440 184
1 1 237 1100002 371 79 440 184
1 1 238 1100002 371 78 440 186
1 1 239 1100002 371 78 440 186
1 1 240 1100002 371 79 440 188
1 1 241 1100002 371 79 440 188
1 1 242 1100002 372 79 440 184
1 1 243 1100002 371 78 440 187
1 1 244 1100002 371 78 440 186
1 1 245 1100002 372 79 440 184
1 1 246 1100002 372 79 440 184
1 1 299 1100002 371 79 440 189
1 1 352 1100002 372 79 440 183
1 1 353 1100002 372 79 440 182
1 1 354 1100002 372 79 440 185
1 1 355 1100002 372 79 441 185
1 1 356 1100002 372 79 441 185
1 1 357 1100002 371 79 441 194
1 1 359 1100002 371 79 441 193
1 1 360 1100002 371 79 440 184
1 1 361 1100002 371 79 440 184
1 1 362 1100002 371 79 440 184
1 1 363 1100002 371 79 440 185
1 1 364 1100002 372 79 440 184
1 1 365 1100002 371 79 440 184
1 1 366 1100002 371 79 440 185
1 1 367 1100002 371 79 440 185
1 1 369 1100002 372 79 440 185
1 1 377 1100002 372 79 440 184
1 1 378 1100002 372 79 440 185
1 1 379 1100002 372 79 440 186
1 1 380 1100002 371 79 440 186
1 1 382 1100002 371 79 440 186
1 1 383 1100002 371 79 440 186
1 1 384 1100002 371 79 440 185
1 1 385 1100002 371 79 440 184
1 1 386 1100002 371 79 440 184
1 1 387 1100002 371 79 440 184
1 1 388 1100002 371 79 440 184
1 1 389 1100002 371 79 440 184
1 1 390 1100002 371 79 440 184
1 1 391 1100002 371 79 440 184
1 1 392 1100002 371 79 440 184
1 1 393 1100002 371 79 440 184
1 1 394 1100002 371 79 440 184
1 1 395 1100002 372 79 440 182
1 1 396 1100002 371 79 441 185
1 1 397 1100002 371 79 441 186
1 1 398 1100002 371 79 440 186
1 1 399 1100002 371 79 440 186
1 1 400 1100002 371 79 441 199
1 1 401 1100002 371 78 441 200
1 1 402 1100002 371 79 440 187
1 1 403 1100002 371 79 440 186
1 1 404 1100002 372 79 441 185
1 1 405 1100002 371 79 441 185
1 1 406 1100002 371 79 441 186
1 1 407 1100002 371 79 441 184
1 1 408 1100002 371 78 441 184
1 1 409 1100002 371 78 441 184
1 1 410 1100002 371 78 441 184
1 1 411 1100002 371 78 441 184
1 1 412 1100002 371 79 441 184
1 1 413 1100002 371 79 441 184
1 1 414 1100002 371 79 441 185
1 1 415 1100002 371 78 441 185
1 1 416 1100002 371 78 441 184
1 1 417 1100002 371 79 441 185
1 1 418 1100002 371 79 441 185
1 1 419 1100002 371 78 441 185
1 1 420 1100002 371 78 441 185
1 1 421 1100002 371 78 441 185
1 1 422 1100002 371 78 441 184
1 1 423 1100002 372 79 440 184
1 1 424 1100002 372 79 440 184
1 1 425 1100002 372 79 440 184
1 1 426 1100002 372 79 440 184
1 1 427 1100002 371 79 441 184
1 1 428 1100002 371 79 441 184
1 1 429 1100002 371 78 441 184
1 1 430 1100002 371 78 441 184
1 1 431 1100002 371 78 440 184
1 1 432 1100002 371 78 440 183
1 1 433 1100002 371 78 440 183
1 1 434 1100002 371 78 441 183
1 1 435 1100002 371 78 440 183
1 1 436 1100002 371 78 440 183
1 1 437 1100002 371 78 440 183
1 1 438 1100002 371 78 440 183
1 1 439 1100002 371 78 440 183
1 1 440 1100002 371 79 440 183
1 1 441 1100002 371 79 441 184
1 1 442 1100002 371 79 441 184
1 1 443 1100002 371 78 440 187
1 1 444 1100002 371 78 440 186
1 1 445 1100002 371 78 440 185
1 1 446 1100002 371 78 440 186
1 1 447 1100002 371 78 440 184
1 1 448 1100002 371 78 440 183
1 1 449 1100002 371 78 440 186
1 1 450 1100002 371 79 440 185
1 1 451 1100002 371 79 440 185
1 1 452 1100002 371 79 440 185
1 1 453 1100002 371 79 440 185
1 1 454 1100002 371 78 440 188
1 1 455 1100002 371 79 440 186
1 1 456 1100002 371 79 441 185
1 1 457 1100002 371 79 441 185
1 1 458 1100002 371 79 441 184
1 1 461 1100002 371 78 440 185
1 1 462 1100002 371 78 440 186
1 1 463 1100002 370 78 440 187
1 1 464 1100002 371 78 440 187
1 1 465 1100002 371 79 440 185
1 1 466 1100002 371 79 440 185
1 1 476 1100002 371 78 440 186
1 1 477 1100002 371 78 440 188
1 1 478 1100002 371 78 440 186
1 1 479 1100002 371 78 440 189
1 1 480 1100002 371 78 440 186
1 1 481 1100002 371 78 440 186
1 1 482 1100002 371 78 440 186
1 1 487 1100002 371 78 440 186
1 1 488 1100002 371 78 440 186
1 1 489 1100002 371 78 440 187
1 1 490 1100002 371 78 440 187
1 1 491 1100002 371 78 440 187
1 1 492 1100002 371 78 440 185
1 1 493 1100002 371 78 440 186
1 1 494 1100002 371 78 440 184
1 1 495 1100002 371 78 440 184
1 1 496 1100002 371 78 440 184
1 1 497 1100002 371 78 440 184
1 1 498 1100002 371 78 440 184
1 1 499 1100002 371 78 440 184
1 1 500 1100002 371 79 440 184
1 1 501 1100002 371 78 440 183
1 1 502 1100002 371 79 440 184
1 1 503 1100002 371 78 440 183
1 1 504 1100002 371 78 441 187
1 1 505 1100002 371 78 440 186
1 1 506 1100002 371 78 440 186
1 1 507 1100002 371 78 441 187
1 1 508 1100002 371 78 440 185
1 1 509 1100002 371 78 440 184
1 1 510 1100002 371 78 440 185
1 1 511 1100002 371 78 441 188
1 1 512 1100002 371 78 440 187
1 1 513 1100002 371 78 440 187
1 1 514 1100002 371 78 440 187
1 1 515 1100002 371 78 440 188
1 1 516 1100002 370 78 441 185
1 1 517 1100002 371 78 441 185
1 1 518 1100002 371 78 441 188
1 1 519 1100002 371 78 441 188
1 1 520 1100002 371 78 441 188
1 1 521 1100002 371 78 441 184
1 1 522 1100002 371 78 441 185
1 1 524 1100002 371 78 441 185
1 1 525 1100002 371 78 441 185
1 1 526 1100002 371 78 441 185
1 1 527 1100002 371 78 441 184
1 1 528 1100002 371 78 440 184
1 1 529 1100002 371 78 440 184
1 1 530 1100002 371 79 440 185
1 1 531 1100002 371 79 440 185
1 1 532 1100002 371 79 440 185
1 1 533 1100002 371 79 440 185
1 1 534 1100002 371 79 440 185
1 1 535 1100002 371 79 440 185
1 1 536 1100002 371 79 441 185
1 1 537 1100002 371 79 441 185
1 1 538 1100002 371 78 440 184
1 1 539 1100002 371 78 440 184
1 1 540 1100002 371 79 440 186
1 1 541 1100002 371 78 440 186
1 1 542 1100002 371 78 440 186
1 1 543 1100002 371 79 440 186
1 1 544 1100002 371 79 440 186
1 1 545 1100002 371 78 440 186
1 1 546 1100002 371 79 440 186
1 1 547 1100002 371 79 440 186
1 1 548 1100002 371 79 441 186
1 1 554 1100002 371 79 440 183
1 1 561 1100002 372 79 440 181
1 1 562 1100002 372 79 440 181
1 1 563 1100002 371 79 440 184
1 1 564 1100002 371 79 440 183
1 1 565 1100002 372 79 440 183
1 1 566 1100002 372 79 440 183
1 1 567 1100002 372 79 440 183
1 1 576 1100002 371 79 440 192
1 1 609 1100002 371 79 440 184
1 1 610 1100002 371 79 440 185
1 1 611 1100002 371 79 440 184
1 1 612 1100002 371 79 440 184
1 1 613 1100002 371 79 440 183
1 1 614 1100002 371 79 440 183
1 1 615 1100002 371 79 440 184
1 1 616 1100002 371 79 440 184
1 1 617 1100002 371 79 440 183
1 1 618 1100002 371 79 440 183
1 1 619 1100002 371 79 440 183
1 1 620 1100002 371 79 440 183
1 1 621 1100002 371 79 440 183
1 1 622 1100002 371 79 440 184
1 1 623 1100002 371 78 440 184
1 1 624 1100002 371 78 440 186
1 1 625 1100002 371 78 440 185
1 1 632 1100002 371 78 440 188
1 1 633 1100002 371 79 440 186
1 1 634 1100002 371 78 440 185
1 1 635 1100002 371 79 440 186
1 1 636 1100002 371 79 440 186
1 1 637 1100002 371 79 440 186
1 1 638 1100002 371 79 440 186
1 1 639 1100002 371 79 440 186
1 1 640 1100002 371 79 441 186
1 1 648 1100002 371 78 440 183
1 1 649 1100002 371 78 440 183
1 1 650 1100002 371 79 440 183
1 1 651 1100002 371 79 440 183
1 1 652 1100002 371 79 440 183
1 1 653 1100002 371 79 440 183
1 1 654 1100002 371 79 440 183
1 1 655 1100002 371 79 440 183
1 1 656 1100002 371 79 440 183
1 1 657 1100002 371 79 440 183
1 1 658 1100002 371 79 440 183
1 1 659 1100002 371 78 440 184
1 1 660 1100002 371 78 441 186
1 1 661 1100002 371 79 440 186
1 1 662 1100002 371 78 440 186
1 1 663 1100002 371 78 440 186
1 1 664 1100002 371 78 440 186
1 1 665 1100002 371 78 440 186
1 1 666 1100002 371 78 440 186
1 1 667 1100002 371 78 440 186
1 1 668 1100002 371 78 440 186
1 1 669 1100002 371 78 440 186
1 1 670 1100002 371 78 440 186
1 1 671 1100002 371 78 441 185
1 1 672 1100002 371 79 441 185
1 1 673 1100002 371 79 441 185
1 1 674 1100002 371 79 441 185
1 1 675 1100002 371 79 441 184
1 1 676 1100002 371 79 440 184
1 1 677 1100002 371 79 441 184
1 1 678 1100002 371 79 440 184
1 1 679 1100002 371 79 440 185
1 1 680 1100002 371 79 441 184
1 1 681 1100002 371 79 441 184
1 1 682 1100002 371 79 441 185
1 1 683 1100002 371 79 441 185
1 1 684 1100002 371 79 441 186
1 1 685 1100002 371 79 441 186
1 1 686 1100002 371 79 441 186
1 1 687 1100002 371 79 441 186
1 1 688 1100002 371 79 441 186
1 1 689 1100002 371 79 441 185
1 1 690 1100002 371 79 441 185
1 1 691 1100002 371 79 440 186
1 1 692 1100002 371 79 440 186
1 1 693 1100002 371 79 440 186
1 1 694 1100002 371 79 440 186
1 1 695 1100002 371 79 440 185
1 1 696 1100002 371 79 441 185
1 1 697 1100002 371 79 441 185
1 1 698 1100002 371 79 441 185
1 1 699 1100002 371 79 440 184
1 1 700 1100002 371 79 441 185
1 1 701 1100002 371 79 441 185
1 1 702 1100002 371 79 441 185
1 1 703 1100002 371 79 441 185
1 1 704 1100002 371 79 441 185
1 1 705 1100002 371 79 441 185
1 1 706 1100002 371 79 441 185
1 1 719 1100002 372 79 440 182
1 1 721 1100002 371 79 440 184
1 1 722 1100002 371 79 440 185
1 1 723 1100002 371 79 440 185
1 1 724 1100002 371 79 440 185
1 1 725 1100002 371 79 440 185
1 1 732 1100002 371 79 440 185
1 1 733 1100002 371 79 440 185
1 1 734 1100002 372 79 440 185
1 1 735 1100002 372 79 440 185
1 1 736 1100002 371 79 440 185
1 1 737 1100002 371 79 440 185
1 1 738 1100002 372 79 440 184
1 1 739 1100002 371 79 440 184
1 1 740 1100002 371 79 440 184
1 1 741 1100002 371 79 440 185
1 1 742 1100002 371 79 440 185
1 1 743 1100002 371 79 440 185
1 1 744 1100002 372 79 440 184
1 1 748 1100002 372 79 441 184
1 1 750 1100002 372 79 441 184
1 1 751 1100002 372 79 441 184
1 1 752 1100002 371 79 441 186
1 1 753 1100002 372 79 440 184
1 1 754 1100002 372 79 440 184
1 1 755 1100002 372 79 441 184
1 1 816 1100002 371 78 441 187
1 1 817 1100002 371 79 441 184
1 1 818 1100002 371 79 441 185
1 1 819 1100002 371 79 441 185
1 1 824 1100002 371 78 441 186
1 1 825 1100002 371 79 441 186
1 1 828 1100002 371 79 440 185
1 1 829 1100002 371 79 440 185
1 1 830 1100002 371 79 440 184
1 1 831 1100002 371 79 440 184
1 1 832 1100002 371 79 440 184
1 1 833 1100002 371 79 440 184
1 1 834 1100002 371 79 440 184
1 1 835 1100002 371 79 440 184
1 1 836 1100002 371 79 440 184
1 1 837 1100002 371 79 440 183
1 1 838 1100002 371 79 440 185
1 1 839 1100002 371 79 440 185
1 1 840 1100002 371 79 441 187
1 1 841 1100002 371 79 441 187
1 1 842 1100002 371 79 441 187
1 1 843 1100002 371 79 441 187
1 1 844 1100002 371 79 441 187
1 1 845 1100002 371 79 441 185
1 1 846 1100002 371 79 441 184
1 1 847 1100002 371 79 441 185
1 1 862 1100002 371 79 441 185
1 1 867 1100002 371 78 441 185
1 1 868 1100002 371 79 441 185
1 1 869 1100002 371 79 441 184
1 1 871 1100002 371 79 441 184
1 1 877 1100002 371 78 441 189
1 1 878 1100002 371 78 441 189
1 1 879 1100002 371 78 441 188
1 1 880 1100002 371 78 441 189
1 1 881 1100002 371 78 441 187
1 1 882 1100002 371 78 441 184
1 1 883 1100002 371 78 441 184
1 1 884 1100002 371 78 441 185
1 1 885 1100002 371 78 441 187
1 1 886 1100002 371 78 441 187
1 1 887 1100002 371 78 441 187
1 1 888 1100002 371 78 440 187
1 1 891 1100002 371 78 440 187
1 1 892 1100002 371 78 440 187
1 1 893 1100002 371 78 440 187
1 1 894 1100002 371 78 440 187
1 1 895 1100002 371 78 440 187
1 1 897 1100002 371 78 441 184
1 1 898 1100002 371 79 440 185
1 1 902 1100002 371 79 441 185
1 1 903 1100002 371 79 441 185
1 1 910 1100002 371 78 441 187
1 1 927 1100002 371 79 441 190
1 1 928 1100002 371 79 441 186
1 1 929 1100002 371 79 441 186
1 1 930 1100002 371 79 441 186
1 1 931 1100002 371 79 441 185
1 1 933 1100002 371 79 441 186
1 1 936 1100002 371 78 441 188
1 1 937 1100002 371 79 441 188
1 1 942 1100002 371 78 441 187
1 1 943 1100002 371 78 441 189
1 1 955 1100002 371 79 441 190
1 1 956 1100002 371 79 441 189
1 1 957 1100002 371 79 441 186
1 1 958 1100002 371 79 440 186
1 1 959 1100002 371 79 440 186
1 1 965 1100002 371 79 441 184
1 1 966 1100002 371 79 441 186
1 1 967 1100002 371 79 441 185
1 1 968 1100002 371 78 441 185
1 1 969 1100002 371 78 441 186
1 1 970 1100002 371 79 441 186
1 1 985 1100002 371 79 441 184
1 1 986 1100002 371 78 441 184
1 1 987 1100002 371 78 441 184
1 1 989 1100002 371 78 441 185
1 1 990 1100002 371 78 441 183
1 1 991 1100002 371 78 441 184
1 1 992 1100002 371 78 441 184
1 1 999 1100002 371 78 441 184
1 1 1000 1100002 371 78 441 185
1 1 1001 1100002 371 78 441 184
1 1 1002 1100002 371 78 441 184
1 1 1003 1100002 371 78 441 186
1 1 1004 1100002 371 78 440 185
1 1 1020 1100002 371 79 441 188
1 1 1034 1100002 371 79 441 185
1 1 1038 1100002 371 79 441 185
1 1 1042 1100002 371 79 441 187
1 1 1044 1100002 371 79 441 187
1 1 1045 1100002 371 79 441 187
1 1 1046 1100002 371 79 441 188
1 1 1047 1100002 371 79 441 187
1 1 1048 1100002 371 79 441 187
1 1 1049 1100002 371 79 441 187
1 1 1050 1100002 371 79 441 189
1 1 1051 1100002 371 79 441 187
1 1 1052 1100002 371 79 441 185
1 1 1053 1100002 371 79 441 186
1 1 1054 1100002 371 79 441 187
1 1 1055 1100002 371 79 441 185
1 1 1056 1100002 371 79 441 187
1 1 1057 1100002 371 79 441 186
1 1 1062 1100002 371 79 441 185
1 1 1063 1100002 371 78 441 183
1 1 1077 1100002 369 53 441 189
1 1 1078 1100002 368 54 440 184
1 1 1079 1100002 368 54 440 184
1 1 1080 1100002 369 58 441 190
1 1 1081 1100002 369 58 441 191
1 1 1082 1100002 370 62 441 184
1 1 1083 1100002 370 63 441 184
1 1 1084 1100002 370 64 441 184
1 1 1085 1100002 370 62 441 184
1 1 1086 1100002 370 64 441 188
1 1 1087 1100002 370 65 441 189
1 1 1088 1100002 370 64 441 189
1 1 1089 1100002 370 65 441 190
1 1 1090 1100002 371 67 441 187
1 1 1091 1100002 371 66 441 187
1 1 1092 1100002 371 67 441 188
1 1 1093 1100002 371 67 441 188
1 1 1094 1100002 371 67 441 188
1 1 1095 1100002 371 67 441 188
1 1 1096 1100002 371 67 441 188
1 1 1097 1100002 371 67 441 188
1 1 1098 1100002 371 67 441 188
1 1 1099 1100002 371 67 441 188
1 1 1100 1100002 371 67 441 188
1 1 1101 1100002 371 67 441 188
1 1 1102 1100002 371 67 441 188
1 1 1103 1100002 370 65 441 188
1 1 1104 1100002 370 63 441 186
1 1 1105 1100002 370 63 441 186
1 1 1106 1100002 370 63 441 186
1 1 1107 1100002 370 63 441 186
1 1 1108 1100002 370 63 440 188
1 1 1109 1100002 370 63 441 186
1 1 1110 1100002 370 63 441 188
1 1 1111 1100002 370 64 441 188
1 1 1112 1100002 370 63 440 189
1 1 1113 1100002 370 62 441 186
1 1 1114 1100002 369 61 441 186
1 1 1115 1100002 369 62 440 186
1 1 1294 1100002 371 78 441 186
1 1 1295 1100002 371 78 441 187
1 1 1296 1100002 372 78 441 187
1 1 1297 1100002 371 78 441 185
1 1 1298 1100002 371 78 441 185
1 1 1299 1100002 372 78 441 187
1 1 1300 1100002 372 78 441 186
1 1 1301 1100002 371 78 441 185
1 1 1302 1100002 371 78 441 186
1 1 1303 1100002 372 78 441 186
1 1 1304 1100002 372 78 441 186
1 1 1305 1100002 372 78 441 187
1 1 1306 1100002 372 78 441 186
1 1 1307 1100002 372 78 441 186
1 1 1319 1100002 371 78 441 185
1 1 1320 1100002 371 78 441 185
1 1 1321 1100002 371 78 440 184
1 1 1322 1100002 371 78 441 185
1 1 1323 1100002 371 78 441 185
1 1 1324 1100002 371 78 441 186
1 1 1325 1100002 371 78 441 186
1 1 1328 1100002 371 78 441 185
1 1 1329 1100002 371 78 441 185
1 1 1330 1100002 371 78 441 186
1 1 1331 1100002 371 78 441 185
1 1 1332 1100002 371 78 441 186
1 1 1333 1100002 372 78 441 186
1 1 1334 1100002 372 78 441 187
1 1 1335 1100002 372 78 441 186
1 1 1336 1100002 372 78 441 186
1 1 1337 1100002 372 78 441 186
1 1 1338 1100002 371 78 441 186
1 1 1339 1100002 372 78 441 187
1 1 1340 1100002 372 78 441 187
1 1 1341 1100002 372 78 441 187
1 1 1342 1100002 372 78 441 186
1 1 1343 1100002 371 78 441 186
1 1 1344 1100002 371 78 440 183
1 1 1345 1100002 372 78 441 186
1 1 1346 1100002 372 78 441 186
1 1 1347 1100002 371 78 441 185
1 1 1348 1100002 371 78 441 185
1 1 1349 1100002 372 78 441 187
1 1 1350 1100002 371 78 441 185
1 1 1351 1100002 371 78 441 189
1 1 1352 1100002 371 78 441 185
1 1 1353 1100002 372 78 441 185
1 1 1354 1100002 371 78 441 185
1 1 1355 1100002 372 78 441 185
1 1 1356 1100002 372 78 441 185
1 1 1357 1100002 372 78 441 185
1 1 1358 1100002 372 78 441 184
1 1 1359 1100002 372 78 441 185
1 1 1360 1100002 372 78 441 185
1 1 1361 1100002 372 78 441 185
1 1 1362 1100002 372 78 441 185
1 1 1363 1100002 372 78 441 185
1 1 1364 1100002 372 78 441 185
1 1 1366 1100002 372 78 441 185
1 1 1575 1100002 372 78 441 183
1 1 1605 1100002 371 78 441 189
1 1 1606 1100002 371 78 441 186
1 1 1607 1100002 371 78 441 186
1 1 1608 1100002 371 78 441 183
1 1 1640 1100002 370 78 441 189
1 1 1641 1100002 370 78 441 188
1 1 1643 1100002 370 78 441 190
1 1 1644 1100002 371 78 441 189
1 1 1645 1100002 371 78 441 187
1 1 1646 1100002 371 78 441 189
1 1 1647 1100002 371 78 441 187
1 1 1648 1100002 371 78 441 187
1 1 1714 1100002 371 75 441 184
1 1 1715 1100002 371 65 442 187
1 1 1716 1100002 371 64 442 190
1 1 1717 1100002 371 65 442 190
1 1 1718 1100002 371 66 442 189
1 1 1719 1100002 372 67 442 190
1 1 1720 1100002 372 67 442 190
1 1 1721 1100002 372 70 442 190
1 1 1722 1100002 372 73 442 190
1 1 1723 1100002 372 75 442 190
1 1 1724 1100002 372 78 441 188
1 1 1725 1100002 372 78 441 189
1 1 1726 1100002 372 78 441 187
1 1 1727 1100002 371 78 441 185
1 1 1728 1100002 371 77 441 184
1 1 1729 1100002 372 77 441 181
1 1 1734 1100002 371 78 441 184
1 1 1735 1100002 371 78 441 185
1 1 1737 1100002 371 77 441 185
1 1 1738 1100002 371 77 441 184
1 1 1739 1100002 371 77 441 185
1 1 1740 1100002 396 107 442 180
1 1 1741 1100002 394 104 442 181
1 1 43 1100003 495 31 513 165
1 1 44 1100003 495 31 513 165
1 1 45 1100003 495 31 513 165
1 1 46 1100003 495 31 513 165
1 1 47 1100003 495 31 513 165
1 1 48 1100003 495 31 513 164
1 1 49 1100003 495 31 513 164
1 1 55 1100003 495 31 513 164
1 1 57 1100003 495 31 513 164
1 1 58 1100003 495 31 513 164
1 1 59 1100003 495 31 513 164
1 1 60 1100003 494 31 513 164
1 1 61 1100003 495 31 513 164
1 1 62 1100003 494 31 513 164
1 1 63 1100003 494 31 513 164
1 1 65 1100003 494 31 513 164
1 1 66 1100003 495 31 513 164
1 1 67 1100003 495 31 513 164
1 1 68 1100003 495 32 513 164
1 1 69 1100003 495 32 513 164
1 1 71 1100003 495 31 513 165
1 1 74 1100003 494 31 513 164
1 1 75 1100003 494 31 513 164
1 1 80 1100003 495 30 513 163
1 1 81 1100003 495 30 513 163
1 1 82 1100003 494 30 513 164
1 1 83 1100003 494 30 513 164
1 1 84 1100003 494 30 513 164
1 1 85 1100003 494 30 513 164
1 1 86 1100003 494 29 513 164
1 1 87 1100003 494 29 513 164
1 1 88 1100003 494 29 512 164
1 1 89 1100003 494 29 512 164
1 1 90 1100003 494 29 512 163
1 1 91 1100003 494 29 513 163
1 1 92 1100003 494 29 513 163
1 1 93 1100003 494 29 513 164
1 1 94 1100003 494 29 513 164
1 1 95 1100003 494 29 512 164
1 1 109 1100003 494 29 513 165
1 1 112 1100003 494 29 513 164
1 1 113 1100003 494 29 513 164
1 1 114 1100003 494 29 513 165
1 1 115 1100003 494 30 513 165
1 1 116 1100003 494 30 513 165
1 1 117 1100003 494 29 512 165
1 1 118 1100003 494 28 511 165
1 1 119 1100003 494 27 512 165
1 1 120 1100003 494 28 512 165
1 1 121 1100003 493 30 512 165
1 1 122 1100003 493 30 512 165
1 1 123 1100003 493 33 512 165
1 1 124 1100003 493 32 512 164
1 1 125 1100003 493 33 512 165
1 1 126 1100003 494 28 512 165
1 1 127 1100003 494 28 512 165
1 1 128 1100003 494 29 512 165
1 1 129 1100003 494 28 512 165
1 1 130 1100003 494 28 512 165
1 1 131 1100003 494 28 512 164
1 1 132 1100003 495 29 513 163
1 1 133 1100003 495 29 513 163
1 1 134 1100003 495 29 513 163
1 1 135 1100003 495 29 513 163
1 1 136 1100003 495 29 513 163
1 1 137 1100003 495 29 513 163
1 1 138 1100003 495 29 513 163
1 1 139 1100003 495 29 513 163
1 1 145 1100003 495 28 513 162
1 1 146 1100003 495 28 513 162
1 1 174 1100003 495 30 512 163
1 1 175 1100003 495 30 512 163
1 1 176 1100003 495 30 513 163
1 1 177 1100003 495 30 512 163
1 1 178 1100003 495 30 512 164
1 1 179 1100003 495 30 512 164
1 1 181 1100003 495 29 513 160
1 1 185 1100003 493 27 512 163
1 1 186 1100003 493 27 513 163
1 1 187 1100003 493 26 512 163
1 1 188 1100003 492 28 512 164
1 1 189 1100003 491 31 513 164
1 1 190 1100003 491 35 512 165
1 1 191 1100003 492 29 513 164
1 1 197 1100003 495 35 513 163
1 1 198 1100003 495 34 513 163
1 1 199 1100003 494 33 513 164
1 1 200 1100003 495 33 513 164
1 1 201 1100003 495 32 513 164
1 1 202 1100003 494 32 513 164
1 1 203 1100003 494 32 512 163
1 1 204 1100003 495 32 513 164
1 1 205 1100003 495 33 513 164
1 1 206 1100003 495 33 513 164
1 1 207 1100003 495 32 513 164
1 1 208 1100003 495 32 513 164
1 1 209 1100003 495 32 513 164
1 1 210 1100003 495 32 513 164
1 1 211 1100003 495 33 513 164
1 1 212 1100003 495 32 513 164
1 1 213 1100003 495 32 513 164
1 1 214 1100003 495 32 513 164
1 1 215 1100003 495 32 513 165
1 1 216 1100003 495 32 513 164
1 1 217 1100003 495 32 513 164
1 1 218 1100003 495 32 513 164
1 1 219 1100003 495 32 513 164
1 1 220 1100003 495 32 513 164
1 1 221 1100003 495 31 513 165
1 1 222 1100003 495 32 513 164
1 1 223 1100003 495 32 513 164
1 1 224 1100003 495 32 513 164
1 1 225 1100003 495 32 513 164
1 1 226 1100003 495 31 513 165
1 1 227 1100003 495 31 513 165
1 1 228 1100003 495 32 513 165
1 1 229 1100003 495 32 513 165
1 1 230 1100003 495 32 513 165
1 1 231 1100003 495 32 513 165
1 1 232 1100003 495 32 513 165
1 1 233 1100003 496 32 513 165
1 1 234 1100003 496 32 513 165
1 1 235 1100003 495 32 513 165
1 1 236 1100003 495 32 513 164
1 1 237 1100003 496 32 513 165
1 1 238 1100003 495 32 513 164
1 1 239 1100003 495 32 513 164
1 1 240 1100003 495 33 513 165
1 1 241 1100003 495 33 513 165
1 1 242 1100003 495 33 513 165
1 1 243 1100003 495 33 513 165
1 1 244 1100003 495 33 513 165
1 1 245 1100003 495 33 513 165
1 1 246 1100003 495 33 513 165
1 1 247 1100003 495 33 513 164
1 1 251 1100003 495 32 513 165
1 1 252 1100003 495 31 513 165
1 1 253 1100003 495 32 513 164
1 1 254 1100003 495 32 513 164
1 1 255 1100003 495 32 513 164
1 1 256 1100003 495 32 513 164
1 1 257 1100003 495 32 513 164
1 1 258 1100003 495 32 513 164
1 1 259 1100003 495 32 513 164
1 1 260 1100003 495 32 513 164
1 1 261 1100003 495 31 513 164
1 1 262 1100003 495 32 513 164
1 1 263 1100003 495 32 513 164
1 1 276 1100003 495 33 513 165
1 1 277 1100003 495 33 513 165
1 1 283 1100003 495 33 513 165
1 1 284 1100003 495 33 513 165
1 1 285 1100003 495 33 513 165
1 1 305 1100003 494 34 513 165
1 1 306 1100003 494 33 513 165
1 1 307 1100003 495 33 513 165
1 1 308 1100003 495 33 513 165
1 1 309 1100003 495 33 513 165
1 1 310 1100003 495 33 513 165
1 1 311 1100003 495 32 513 165
1 1 312 1100003 495 32 513 164
1 1 313 1100003 495 32 513 164
1 1 314 1100003 495 32 513 164
1 1 315 1100003 495 32 513 164
1 1 316 1100003 495 32 513 164
1 1 317 1100003 495 32 513 164
1 1 318 1100003 495 32 513 164
1 1 319 1100003 495 32 513 164
1 1 320 1100003 495 32 513 164
1 1 321 1100003 495 33 513 165
1 1 347 1100003 495 36 513 164
1 1 354 1100003 495 36 513 165
1 1 355 1100003 495 36 513 166
1 1 356 1100003 495 36 513 166
1 1 377 1100003 495 36 513 164
1 1 378 1100003 495 36 513 164
1 1 379 1100003 495 36 513 164
1 1 380 1100003 495 35 513 164
1 1 382 1100003 495 35 513 164
1 1 383 1100003 495 36 513 164
1 1 384 1100003 495 36 513 163
1 1 385 1100003 495 35 513 163
1 1 386 1100003 495 35 512 163
1 1 387 1100003 495 35 512 163
1 1 388 1100003 495 34 512 163
1 1 389 1100003 495 35 512 163
1 1 390 1100003 495 35 512 163
1 1 391 1100003 495 35 512 163
1 1 392 1100003 495 35 512 163
1 1 393 1100003 495 36 513 164
1 1 394 1100003 495 36 513 164
1 1 395 1100003 495 36 513 163
1 1 396 1100003 495 35 513 165
1 1 397 1100003 495 35 513 165
1 1 398 1100003 495 35 513 165
1 1 399 1100003 495 35 513 165
1 1 400 1100003 495 35 513 165
1 1 401 1100003 495 35 513 165
1 1 402 1100003 495 35 513 165
1 1 403 1100003 495 35 513 165
1 1 404 1100003 495 35 513 165
1 1 405 1100003 495 35 513 165
1 1 406 1100003 495 35 513 165
1 1 407 1100003 495 34 513 165
1 1 408 1100003 495 34 513 165
1 1 409 1100003 495 34 513 165
1 1 410 1100003 495 34 513 165
1 1 411 1100003 495 34 513 165
1 1 412 1100003 495 34 513 165
1 1 413 1100003 495 34 513 165
1 1 414 1100003 495 34 513 165
1 1 415 1100003 495 34 513 165
1 1 416 1100003 495 34 513 165
1 1 417 1100003 495 34 513 165
1 1 418 1100003 495 34 513 165
1 1 419 1100003 495 35 513 165
1 1 420 1100003 495 34 513 165
1 1 421 1100003 495 34 513 165
1 1 422 1100003 495 34 513 165
1 1 423 1100003 495 34 513 165
1 1 424 1100003 495 34 513 165
1 1 425 1100003 495 34 513 165
1 1 426 1100003 495 34 513 165
1 1 427 1100003 495 34 513 165
1 1 428 1100003 495 34 513 165
1 1 429 1100003 495 35 513 165
1 1 430 1100003 495 34 513 165
1 1 431 1100003 495 35 513 165
1 1 432 1100003 495 36 513 165
1 1 433 1100003 495 36 513 165
1 1 434 1100003 495 36 513 165
1 1 435 1100003 495 36 513 165
1 1 436 1100003 495 36 513 165
1 1 437 1100003 495 36 513 165
1 1 438 1100003 495 36 513 165
1 1 439 1100003 495 36 513 165
1 1 440 1100003 495 36 513 165
1 1 441 1100003 495 36 513 165
1 1 442 1100003 495 36 513 165
1 1 443 1100003 495 36 513 165
1 1 444 1100003 495 36 513 165
1 1 445 1100003 495 36 513 165
1 1 446 1100003 495 36 513 165
1 1 447 1100003 495 36 513 165
1 1 448 1100003 495 36 513 165
1 1 449 1100003 495 36 513 165
1 1 450 1100003 495 36 513 165
1 1 451 1100003 495 36 513 165
1 1 452 1100003 495 36 513 165
1 1 453 1100003 495 35 513 165
1 1 454 1100003 495 34 513 165
1 1 455 1100003 495 33 513 165
1 1 456 1100003 495 34 513 164
1 1 457 1100003 495 34 513 164
1 1 458 1100003 495 34 513 164
1 1 459 1100003 495 34 513 164
1 1 460 1100003 495 34 513 164
1 1 461 1100003 495 34 513 164
1 1 462 1100003 495 34 513 164
1 1 463 1100003 495 34 513 164
1 1 464 1100003 495 35 513 164
1 1 466 1100003 495 32 513 164
1 1 468 1100003 493 34 512 164
1 1 469 1100003 492 32 513 164
1 1 470 1100003 490 31 513 164
1 1 471 1100003 492 32 513 164
1 1 1746 1100005 460 93 513 182
1 1 1747 1100005 461 93 513 180
1 1 1748 1100005 458 93 513 178
1 1 1749 1100005 454 94 514 179
1 1 1750 1100005 453 94 514 183
1 1 1751 1100005 456 94 514 178
1 1 1752 1100005 449 92 514 188
1 1 1753 1100005 449 92 514 188
1 1 1754 1100005 452 93 514 188
1 1 1755 1100005 450 93 514 190
1 1 1756 1100005 448 93 514 190
1 1 1757 1100005 448 93 514 190
1 1 1758 1100005 451 93 514 191
1 1 1759 1100005 454 94 514 188
1 1 1760 1100005 456 94 514 185
1 1 1761 1100005 456 94 513 185
1 1 1762 1100005 456 94 513 187
1 1 1763 1100005 450 94 514 192
1 1 1764 1100005 448 93 514 193
1 1 1765 1100005 454 93 513 192
1 1 1766 1100005 455 93 513 188
1 1 1767 1100005 454 93 513 185
1 1 1768 1100005 451 93 513 187
1 1 1769 1100005 456 94 513 188
1 1 1770 1100005 455 94 513 190
1 1 1771 1100005 455 93 513 190
1 1 1772 1100005 457 93 513 189
1 1 1773 1100005 458 93 514 188
1 1 1774 1100005 462 93 513 184
1 1 1775 1100005 464 93 513 184
1 1 1776 1100005 468 93 513 183
1 1 1777 1100005 471 86 513 183
1 1 1778 1100005 474 83 513 182
1 1 1747 1100006 371 78 442 182
1 1 1748 1100006 371 78 442 181
1 1 1749 1100006 371 78 442 182
1 1 1750 1100006 371 78 442 182
1 1 1751 1100006 371 78 442 182
1 1 1759 1100006 371 78 442 185
1 1 1760 1100006 371 78 441 184
1 1 1761 1100006 371 78 441 185
1 1 1762 1100006 371 78 441 184
1 1 1763 1100006 371 78 441 188
1 1 1764 1100006 371 78 441 189
1 1 1765 1100006 371 78 441 188
1 1 1766 1100006 370 78 441 184
1 1 1767 1100006 370 78 441 183
1 1 1768 1100006 371 78 441 183
1 1 1769 1100006 370 78 441 183
1 1 1770 1100006 370 78 441 183
1 1 1771 1100006 370 78 441 184
1 1 1772 1100006 371 78 441 185
1 1 1773 1100006 371 78 441 185
1 1 1774 1100006 371 78 442 185
1 1 1775 1100006 371 78 441 183
1 1 1776 1100006 371 78 442 184
1 1 1777 1100006 371 78 441 182
1 1 1778 1100006 371 78 441 182
1 1 1779 1100006 371 78 442 183
1 1 1780 1100006 371 78 442 182
1 1 1781 1100006 371 78 442 184
1 1 1783 1100006 371 78 441 183
1 1 1784 1100006 371 78 441 183
1 1 1785 1100006 371 78 441 184
1 1 1786 1100006 371 78 441 189
1 1 1787 1100006 371 78 441 184
1 1 1788 1100006 371 77 441 189
1 1 1789 1100006 371 77 442 187
1 1 1790 1100006 371 78 442 186
1 1 1791 1100006 371 77 442 184
1 1 1792 1100006 371 77 442 184
1 1 1793 1100006 371 77 441 187
1 1 1794 1100006 371 77 442 187
1 1 1795 1100006 371 77 442 188
1 1 1796 1100006 371 77 442 188
1 1 1797 1100006 371 77 442 183
1 1 1798 1100006 371 77 441 182
1 1 1799 1100006 371 77 442 184
1 1 1800 1100006 372 77 441 181
1 1 1801 1100006 371 77 442 188
1 1 1802 1100006 372 77 441 185
1 1 1803 1100006 372 77 442 194
1 1 1804 1100006 372 77 442 195
1 1 1805 1100006 372 77 441 181
1 1 1806 1100006 371 77 442 191
1 1 1807 1100006 371 77 441 182
1 1 1808 1100006 371 77 442 183
1 1 1809 1100006 371 77 442 183
1 1 1810 1100006 371 77 442 183
1 1 1811 1100006 371 77 442 187
1 1 1812 1100006 371 77 441 183
1 1 1816 1100006 371 77 441 184
1 1 1817 1100006 371 77 441 186
1 1 1818 1100006 371 77 441 184
1 1 1819 1100006 371 77 441 184
1 1 1820 1100006 371 77 441 184
1 1 1821 1100006 371 77 441 186
1 1 1822 1100006 371 77 441 183
1 1 1823 1100006 371 77 441 184
1 1 1824 1100006 371 77 441 186
1 1 1827 1100006 371 77 442 187
1 1 1828 1100006 371 77 441 186
1 1 1829 1100006 371 77 442 185
1 1 1830 1100006 371 77 442 185
1 1 1831 1100006 372 77 441 182
1 1 1832 1100006 371 77 441 187
1 1 1833 1100006 371 77 441 186
1 1 1834 1100006 371 77 441 186
1 1 1835 1100006 371 77 441 188
1 1 1841 1100006 372 77 441 182
1 1 1842 1100006 372 78 441 182
1 1 1843 1100006 371 77 441 187
1 1 1846 1100006 371 77 441 184
1 1 1847 1100006 371 77 441 188
1 1 1848 1100006 371 78 441 184
1 1 1849 1100006 371 78 441 184
1 1 1850 1100006 371 77 441 186
1 1 1851 1100006 371 77 441 184
1 1 1852 1100006 371 77 441 184
1 1 1853 1100006 371 77 441 185
1 1 1854 1100006 371 77 441 187
1 1 1855 1100006 371 77 441 186
1 1 1856 1100006 371 77 441 186
1 1 1857 1100006 371 77 441 186
1 1 1858 1100006 371 78 441 185
1 1 1859 1100006 371 77 441 188
1 1 1861 1100006 371 78 442 188
1 1 1862 1100006 371 78 441 192
1 1 1863 1100006 371 78 441 192
1 1 1864 1100006 371 78 441 189
1 1 1868 1100006 371 78 441 187
1 1 1869 1100006 371 78 441 190
1 1 1870 1100006 371 78 441 191
1 1 1871 1100006 371 78 441 190
1 1 1872 1100006 371 78 442 186
1 1 1873 1100006 371 78 442 188
1 1 1874 1100006 371 78 441 187
1 1 1876 1100006 371 78 442 186
1 1 1877 1100006 371 78 442 186
1 1 1878 1100006 371 78 442 187
1 1 1881 1100006 371 78 442 189
1 1 1882 1100006 371 78 441 191
1 1 1883 1100006 371 78 442 189
1 1 1884 1100006 371 78 441 186
1 1 1885 1100006 371 78 441 185
1 1 1889 1100006 371 78 442 185
1 1 1890 1100006 371 78 442 185
1 1 1891 1100006 371 78 442 185
1 1 1892 1100006 371 78 442 186
1 1 1893 1100006 371 78 442 186
1 1 1894 1100006 371 78 442 186
1 1 1895 1100006 371 78 442 185
1 1 1896 1100006 371 78 441 183
1 1 1897 1100006 371 78 442 185
1 1 1898 1100006 371 78 442 185
1 1 1899 1100006 371 78 441 184
1 1 1900 1100006 371 78 441 184
1 1 1901 1100006 371 78 442 185
1 1 1902 1100006 371 78 442 185
1 1 1903 1100006 371 78 442 185
1 1 1904 1100006 371 78 441 184
1 1 1905 1100006 371 78 442 184
1 1 1906 1100006 371 78 441 184
1 1 1907 1100006 371 78 442 185
1 1 1908 1100006 371 78 441 184
1 1 1909 1100006 371 78 441 183
1 1 1910 1100006 371 78 441 184
1 1 1911 1100006 371 78 442 186
1 1 1912 1100006 371 78 442 185
1 1 1913 1100006 371 78 442 185
1 1 1914 1100006 371 78 442 184
1 1 1915 1100006 371 78 442 184
1 1 1916 1100006 371 78 442 184
1 1 1917 1100006 371 78 442 185
1 1 1918 1100006 371 78 442 185
1 1 1919 1100006 371 78 442 186
1 1 1920 1100006 371 78 442 185
1 1 1921 1100006 371 78 442 185
1 1 1922 1100006 371 78 442 185
1 1 1923 1100006 371 78 442 185
1 1 1924 1100006 371 78 442 185
1 1 1925 1100006 371 78 442 185
1 1 1926 1100006 371 78 442 185
1 1 1927 1100006 371 78 442 185
1 1 1928 1100006 371 78 442 185
1 1 1929 1100006 371 78 442 184
1 1 1930 1100006 371 78 442 184
1 1 1931 1100006 371 78 442 185
1 1 1932 1100006 371 78 442 186
1 1 1933 1100006 371 78 442 186
1 1 1934 1100006 371 78 442 186
1 1 1935 1100006 371 78 442 185
1 1 1936 1100006 371 78 442 184
1 1 1937 1100006 371 78 442 185
1 1 1938 1100006 371 78 442 185
1 1 1939 1100006 371 78 442 185
1 1 1940 1100006 371 78 442 185
1 1 1941 1100006 371 78 442 185
1 1 1942 1100006 371 78 442 185
1 1 1943 1100006 371 78 442 185
1 1 1944 1100006 371 78 442 184
1 1 1945 1100006 371 78 442 184
1 1 1946 1100006 371 78 442 184
1 1 1947 1100006 371 78 442 184
1 1 1948 1100006 371 78 442 184
1 1 1949 1100006 371 78 442 184
1 1 1950 1100006 371 78 442 184
1 1 1951 1100006 371 78 442 184
1 1 1952 1100006 371 78 442 182
1 1 1954 1100006 371 78 442 183
1 1 1955 1100006 371 78 442 185
1 1 1960 1100006 371 78 442 186
1 1 1961 1100006 371 78 442 185
1 1 1962 1100006 371 78 442 184
1 1 1964 1100006 371 78 442 184
1 1 1965 1100006 371 78 442 185
1 1 1966 1100006 371 78 442 187
1 1 1967 1100006 371 78 442 186
1 1 1968 1100006 371 78 441 186
1 1 1969 1100006 371 78 441 185
1 1 1970 1100006 371 78 441 185
1 1 1971 1100006 371 78 441 185
1 1 1972 1100006 371 78 442 185
1 1 1973 1100006 371 78 442 184
1 1 1974 1100006 371 78 442 184
1 1 1975 1100006 371 78 442 184
1 1 1976 1100006 371 78 442 184
1 1 1977 1100006 371 78 442 184
1 1 1978 1100006 371 78 442 186
1 1 1979 1100006 371 78 442 184
1 1 1980 1100006 371 78 442 191
1 1 1981 1100006 371 78 442 189
1 1 1982 1100006 371 78 442 191
1 1 1983 1100006 371 78 442 191
1 1 1996 1100006 371 78 442 186
1 1 2003 1100006 371 78 442 187
1 1 2034 1100006 371 78 442 186
1 1 2035 1100006 371 78 442 186
1 1 2036 1100006 371 78 442 185
1 1 2053 1100006 371 78 442 186
1 1 2056 1100006 371 78 442 187
1 1 2058 1100006 371 78 442 186
1 1 2076 1100006 371 78 442 186
1 1 2077 1100006 371 78 442 189
1 1 2078 1100006 371 78 442 189
1 1 2079 1100006 371 78 442 189
1 1 2080 1100006 371 78 442 191
1 1 2081 1100006 371 78 442 194
1 1 2083 1100006 371 78 442 188
1 1 2086 1100006 371 78 442 187
1 1 2087 1100006 371 78 442 190
1 1 2097 1100006 371 78 442 183
1 1 2098 1100006 371 78 442 184
1 1 2100 1100006 371 78 442 184
1 1 2101 1100006 371 78 442 184
1 1 2102 1100006 371 78 442 185
1 1 2103 1100006 371 78 442 184
1 1 2104 1100006 371 78 441 184
1 1 2105 1100006 371 78 442 185
1 1 2106 1100006 371 78 442 185
1 1 2107 1100006 371 78 441 182
1 1 2109 1100006 371 78 442 184
1 1 2110 1100006 371 78 442 184
1 1 2111 1100006 371 78 442 185
1 1 2112 1100006 371 78 442 186
1 1 2113 1100006 371 78 442 186
1 1 2114 1100006 371 78 442 186
1 1 2115 1100006 371 78 442 186
1 1 2116 1100006 371 78 442 186
1 1 2122 1100006 371 78 442 186
1 1 2123 1100006 371 78 442 186
1 1 2124 1100006 370 78 442 185
1 1 2125 1100006 370 78 442 186
1 1 2126 1100006 370 78 442 185
1 1 2127 1100006 370 78 442 185
1 1 2128 1100006 370 78 442 186
1 1 2129 1100006 370 78 442 186
1 1 2152 1100006 371 78 442 185
1 1 2154 1100006 371 77 442 186
1 1 2155 1100006 371 77 442 186
1 1 2156 1100006 371 77 442 187
1 1 2157 1100006 371 78 442 185
1 1 2158 1100006 371 78 441 185
1 1 2159 1100006 371 78 442 186
1 1 2160 1100006 371 78 441 185
1 1 2161 1100006 371 78 441 185
1 1 2162 1100006 371 78 441 185
1 1 2177 1100006 371 78 441 184
1 1 2178 1100006 371 78 441 184
1 1 2179 1100006 371 78 441 184
1 1 2180 1100006 370 78 442 187
1 1 2189 1100006 371 78 441 186
1 1 2191 1100006 371 78 441 186
1 1 2192 1100006 371 78 441 186
1 1 2193 1100006 371 78 441 187
1 1 2194 1100006 371 78 441 186
1 1 2196 1100006 371 78 442 188
1 1 2197 1100006 371 78 442 187
1 1 2198 1100006 371 78 442 188
1 1 2200 1100006 371 78 442 188
1 1 2201 1100006 371 78 442 188
1 1 2202 1100006 371 78 442 188
1 1 2203 1100006 371 78 442 188
1 1 2204 1100006 371 78 442 188
1 1 2205 1100006 371 78 442 188
1 1 2206 1100006 371 78 442 189
1 1 2207 1100006 371 78 442 189
1 1 2217 1100006 371 78 441 185
1 1 2227 1100006 371 78 442 189
1 1 2229 1100006 371 78 442 184
1 1 2232 1100006 371 78 442 189
1 1 2244 1100006 371 78 441 186
1 1 2249 1100006 371 78 441 186
1 1 2256 1100006 371 78 441 187
1 1 2260 1100006 371 78 441 187
1 1 2261 1100006 371 78 441 185
1 1 2262 1100006 371 78 441 185
1 1 2263 1100006 371 78 441 185
1 1 2264 1100006 371 78 442 185
1 1 2265 1100006 371 78 442 185
1 1 2266 1100006 371 78 442 185
1 1 2267 1100006 371 78 442 188
1 1 2268 1100006 371 78 441 184
1 1 2269 1100006 371 78 441 184
1 1 2270 1100006 371 78 441 184
1 1 2271 1100006 371 77 442 192
1 1 2272 1100006 371 77 442 192
1 1 2273 1100006 371 77 442 192
1 1 2274 1100006 371 78 441 184
1 1 2275 1100006 371 78 441 184
1 1 2276 1100006 371 78 441 184
1 1 2277 1100006 371 78 441 184
1 1 2278 1100006 371 78 441 184
1 1 2279 1100006 371 78 441 184
1 1 2351 1100006 371 78 441 187
1 1 2352 1100006 371 78 441 184
1 1 2353 1100006 371 78 441 184
1 1 2354 1100006 371 78 441 184
1 1 2355 1100006 371 78 441 184
1 1 2356 1100006 371 78 442 185
1 1 2357 1100006 371 78 441 184
1 1 2358 1100006 371 78 441 184
1 1 2359 1100006 371 78 442 185
1 1 2361 1100006 371 78 442 184
1 1 2362 1100006 371 78 442 184
1 1 2363 1100006 371 78 442 186
1 1 2364 1100006 371 78 442 188
1 1 2365 1100006 371 78 441 185
1 1 2366 1100006 371 78 441 185
1 1 2367 1100006 371 78 442 188
1 1 2368 1100006 371 78 442 188
1 1 2369 1100006 371 78 441 185
1 1 2370 1100006 371 78 441 185
1 1 2372 1100006 371 78 441 185
1 1 2373 1100006 371 78 441 185
1 1 2374 1100006 371 78 441 185
1 1 2375 1100006 371 78 441 187
1 1 2376 1100006 371 78 442 187
1 1 2377 1100006 371 78 441 184
1 1 2378 1100006 371 78 441 185
1 1 2379 1100006 371 78 442 186
1 1 2380 1100006 371 78 442 186
1 1 2381 1100006 371 78 442 187
1 1 2382 1100006 371 78 442 186
1 1 2383 1100006 371 78 441 185
1 1 2384 1100006 371 78 441 185
1 1 2385 1100006 372 78 441 181
1 1 2386 1100006 371 78 441 184
1 1 2400 1100006 371 78 441 185
1 1 2402 1100006 371 78 441 185
1 1 2403 1100006 371 78 441 185
1 1 2404 1100006 371 78 441 185
1 1 2405 1100006 371 78 441 184
1 1 2406 1100006 371 78 442 184
1 1 2412 1100006 371 78 442 186
1 1 2413 1100006 371 78 442 186
1 1 2414 1100006 371 78 442 187
1 1 2415 1100006 371 78 442 186
1 1 2416 1100006 371 78 442 186
1 1 2417 1100006 371 78 442 185
1 1 2419 1100006 371 78 442 186
1 1 2448 1100006 371 78 442 190
1 1 2449 1100006 371 78 442 191
1 1 2450 1100006 371 78 442 191
1 1 2454 1100006 371 78 442 191
1 1 2455 1100006 371 78 442 189
1 1 2456 1100006 371 78 442 188
1 1 2457 1100006 371 78 442 188
1 1 2458 1100006 371 78 442 188
1 1 2459 1100006 371 78 442 189
1 1 2462 1100006 371 78 441 185
1 1 2471 1100006 370 78 441 184
1 1 2480 1100006 371 78 442 183
1 1 2481 1100006 371 78 442 183
1 1 2482 1100006 371 78 442 183
1 1 2483 1100006 371 78 442 183
1 1 2505 1100006 371 78 441 185
1 1 2513 1100006 371 78 441 184
1 1 2519 1100006 371 78 442 184
1 1 2540 1100006 371 78 441 186
1 1 2541 1100006 371 78 441 186
1 1 2542 1100006 371 78 441 186
1 1 2543 1100006 371 78 441 186
1 1 2580 1100006 371 78 441 185
1 1 2581 1100006 371 78 441 187
1 1 2582 1100006 371 78 441 185
1 1 2583 1100006 371 78 441 185
1 1 2584 1100006 371 78 441 185
1 1 2585 1100006 371 78 441 185
1 1 2586 1100006 371 78 441 185
1 1 2587 1100006 371 78 442 185
1 1 2588 1100006 371 78 442 185
1 1 2589 1100006 371 78 442 185
1 1 2590 1100006 371 78 441 185
1 1 2591 1100006 371 78 441 185
1 1 2592 1100006 371 78 442 186
1 1 2593 1100006 371 78 442 186
1 1 2594 1100006 371 78 442 186
1 1 2595 1100006 371 78 442 186
1 1 2596 1100006 371 78 442 186
1 1 2597 1100006 371 78 441 185
1 1 2598 1100006 371 78 441 185
1 1 2599 1100006 371 78 441 185
1 1 2600 1100006 371 78 441 185
1 1 2601 1100006 371 78 441 185
1 1 2602 1100006 371 78 441 185
1 1 2603 1100006 371 78 441 185
1 1 2604 1100006 370 78 441 185
1 1 2605 1100006 371 78 441 185
1 1 2606 1100006 371 78 441 185
1 1 2607 1100006 371 78 441 185
1 1 2608 1100006 371 78 441 185
1 1 2609 1100006 370 78 441 185
1 1 2610 1100006 370 78 441 184
1 1 2611 1100006 370 78 441 184
1 1 2612 1100006 371 78 442 184
1 1 2613 1100006 371 78 441 184
1 1 2614 1100006 371 78 441 184
1 1 2615 1100006 371 78 441 185
1 1 2616 1100006 371 78 441 186
1 1 2617 1100006 371 78 441 186
1 1 2618 1100006 371 78 441 186
1 1 2619 1100006 371 78 441 186
1 1 2620 1100006 371 78 441 185
1 1 2621 1100006 371 78 441 185
1 1 2622 1100006 371 78 441 185
1 1 2623 1100006 371 78 441 185
1 1 2624 1100006 371 78 441 185
1 1 2625 1100006 371 78 441 185
1 1 2626 1100006 371 78 441 185
1 1 2627 1100006 371 78 441 185
1 1 2638 1100006 371 78 442 189
1 1 2639 1100006 371 78 442 190
1 1 2640 1100006 371 78 442 189
1 1 2641 1100006 371 78 442 188
1 1 2642 1100006 371 78 441 188
1 1 2643 1100006 371 78 442 188
1 1 2644 1100006 371 78 441 188
1 1 2645 1100006 371 78 441 187
1 1 2646 1100006 371 78 441 186
1 1 2647 1100006 371 78 441 188
1 1 2648 1100006 371 78 441 187
1 1 2649 1100006 371 78 441 187
1 1 2650 1100006 371 78 441 187
1 1 2651 1100006 371 78 441 188
1 1 2652 1100006 371 78 441 188
1 1 2653 1100006 371 78 442 185
1 1 2654 1100006 371 78 442 185
1 1 2656 1100006 371 78 442 186
1 1 2657 1100006 371 78 442 186
1 1 2658 1100006 371 78 442 185
1 1 2659 1100006 371 78 442 185
1 1 2660 1100006 371 78 442 186
1 1 2664 1100006 371 78 441 186
1 1 2665 1100006 371 78 441 186
1 1 2666 1100006 371 78 441 186
1 1 2667 1100006 371 78 441 186
1 1 2668 1100006 371 78 441 186
1 1 2669 1100006 371 78 441 186
1 1 2670 1100006 371 78 441 187
1 1 2671 1100006 371 78 441 186
1 1 2672 1100006 371 78 441 186
1 1 2673 1100006 371 78 441 186
1 1 2674 1100006 371 78 441 186
1 1 2675 1100006 371 78 441 186
1 1 2676 1100006 371 78 442 186
1 1 2677 1100006 371 78 442 186
1 1 2678 1100006 371 78 442 186
1 1 2679 1100006 371 78 442 187
1 1 2680 1100006 371 78 442 186
1 1 2681 1100006 371 78 442 185
1 1 2682 1100006 371 78 442 186
1 1 2687 1100006 371 78 442 187
1 1 2688 1100006 371 78 441 190
1 1 2689 1100006 371 78 441 188
1 1 2690 1100006 371 78 442 189
1 1 2691 1100006 371 78 442 191
1 1 2692 1100006 371 78 442 189
1 1 2693 1100006 371 78 442 185
1 1 2694 1100006 371 78 442 192
1 1 2695 1100006 371 78 441 186
1 1 2696 1100006 371 78 441 186
1 1 2697 1100006 371 78 441 186
1 1 2698 1100006 371 78 441 186
1 1 2702 1100006 371 78 442 185
1 1 2706 1100006 371 78 442 185
1 1 2707 1100006 371 78 442 184
1 1 2708 1100006 371 78 442 185
1 1 2709 1100006 371 78 442 187
1 1 2723 1100006 371 78 442 188
1 1 2724 1100006 371 78 441 186
1 1 2725 1100006 371 78 441 186
1 1 2726 1100006 371 78 441 186
1 1 2727 1100006 371 78 441 187
1 1 2728 1100006 371 78 441 186
1 1 2729 1100006 371 78 441 187
1 1 2730 1100006 371 78 441 188
1 1 2731 1100006 371 78 441 187
1 1 2732 1100006 371 78 441 188
1 1 2733 1100006 371 78 441 185
1 1 2734 1100006 371 78 441 186
1 1 2735 1100006 371 78 441 187
1 1 2747 1100006 371 78 441 185
1 1 2748 1100006 370 78 441 184
1 1 2749 1100006 370 78 441 185
1 1 2750 1100006 370 78 441 185
1 1 2751 1100006 370 78 441 185
1 1 2752 1100006 370 78 441 185
1 1 2753 1100006 370 78 441 185
1 1 2754 1100006 371 78 441 183
1 1 2755 1100006 370 78 441 185
1 1 2756 1100006 370 78 441 185
1 1 2757 1100006 371 78 442 184
1 1 2758 1100006 371 78 441 184
1 1 2759 1100006 370 78 441 185
1 1 2760 1100006 371 78 441 185
1 1 2761 1100006 371 78 441 185
1 1 2762 1100006 371 78 441 185
1 1 2763 1100006 371 78 441 185
1 1 2764 1100006 371 78 442 190
1 1 2765 1100006 371 78 441 185
1 1 2766 1100006 371 78 441 185
1 1 2767 1100006 371 78 441 185
1 1 2768 1100006 371 78 441 187
1 1 2769 1100006 371 78 441 185
1 1 2770 1100006 371 78 441 185
1 1 2771 1100006 371 78 441 185
1 1 2777 1100006 371 78 442 187
1 1 2782 1100006 371 78 442 191
1 1 2783 1100006 371 78 442 191
1 1 2784 1100006 371 78 441 185
1 1 2785 1100006 371 78 441 184
1 1 2786 1100006 371 78 441 184
1 1 2787 1100006 371 78 441 185
1 1 2788 1100006 371 78 441 185
1 1 2789 1100006 371 78 441 185
1 1 2790 1100006 371 78 441 185
1 1 2791 1100006 371 78 441 185
1 1 2793 1100006 371 78 441 185
1 1 2794 1100006 371 78 441 185
1 1 2795 1100006 371 78 441 184
1 1 2796 1100006 371 78 442 187
1 1 2797 1100006 371 78 442 185
1 1 2798 1100006 371 78 442 185
1 1 2799 1100006 371 78 442 185
1 1 2800 1100006 371 78 442 186
1 1 2801 1100006 371 78 442 186
1 1 2802 1100006 371 78 442 186
1 1 2808 1100006 371 78 441 189
1 1 2809 1100006 371 78 441 189
1 1 2810 1100006 371 78 441 188
1 1 2811 1100006 371 78 441 189
1 1 2812 1100006 371 78 441 188
1 1 2813 1100006 371 78 441 189
1 1 2814 1100006 371 78 441 184
1 1 2815 1100006 371 78 441 184
1 1 2816 1100006 371 78 441 185
1 1 2817 1100006 371 78 441 185
1 1 2818 1100006 371 78 441 188
1 1 2819 1100006 371 78 441 187
1 1 2834 1100006 371 78 442 189
1 1 2836 1100006 371 78 442 189
1 1 2837 1100006 371 78 442 186
1 1 2838 1100006 371 78 442 187
1 1 2839 1100006 371 78 442 187
1 1 2840 1100006 371 78 441 186
1 1 2841 1100006 371 78 441 186
1 1 2842 1100006 371 78 442 186
1 1 2843 1100006 371 78 442 185
1 1 2851 1100006 371 78 442 196
1 1 2858 1100006 371 78 441 185
1 1 2859 1100006 371 78 441 185
1 1 2860 1100006 371 78 441 185
1 1 2861 1100006 371 78 441 185
1 1 2862 1100006 371 78 441 185
1 1 2863 1100006 371 78 441 185
1 1 2867 1100006 371 78 441 191
1 1 2872 1100006 371 78 441 196
1 1 2875 1100006 371 78 441 197
1 1 2876 1100006 371 78 441 196
1 1 2886 1100006 371 78 441 194
1 1 2887 1100006 371 78 442 195
1 1 2888 1100006 371 78 441 185
1 1 2889 1100006 371 78 441 185
1 1 2890 1100006 371 78 441 185
1 1 2903 1100006 371 78 441 185
1 1 2904 1100006 371 78 442 185
1 1 2905 1100006 371 78 442 185
1 1 2906 1100006 371 78 442 184
1 1 2907 1100006 371 78 441 184
1 1 2908 1100006 371 78 441 184
1 1 2909 1100006 371 78 441 184
1 1 2910 1100006 371 78 442 185
1 1 2916 1100006 370 78 442 184
1 1 2917 1100006 371 78 441 184
1 1 2918 1100006 371 78 441 185
1 1 2922 1100006 371 78 441 185
1 1 2923 1100006 371 78 441 185
1 1 2924 1100006 371 78 441 185
1 1 2925 1100006 371 78 441 184
1 1 2928 1100006 371 78 441 184
1 1 2929 1100006 371 78 441 184
1 1 2930 1100006 371 78 441 185
1 1 2957 1100006 371 78 442 184
1 1 2989 1100006 371 78 441 187
1 1 2992 1100006 371 78 441 183
1 1 2993 1100006 371 78 441 186
1 1 2994 1100006 371 78 441 186
1 1 2995 1100006 371 78 441 185
1 1 2996 1100006 371 78 441 186
1 1 2998 1100006 371 78 441 185
1 1 2999 1100006 371 78 442 188
1 1 3036 1100006 372 78 441 181
1 1 3037 1100006 371 78 441 184
1 1 3038 1100006 371 78 441 185
1 1 3039 1100006 371 78 441 185
1 1 3041 1100006 370 78 441 184
1 1 3043 1100006 371 78 441 184
1 1 3044 1100006 371 78 441 184
1 1 3060 1100006 371 78 441 186
1 1 3061 1100006 371 78 441 188
1 1 3062 1100006 371 78 441 188
1 1 3063 1100006 371 78 441 185
1 1 3064 1100006 371 78 441 185
1 1 3065 1100006 371 78 441 185
1 1 3066 1100006 371 78 441 185
1 1 3067 1100006 371 78 441 185
1 1 3068 1100006 371 78 441 186
1 1 3069 1100006 371 78 441 185
1 1 3070 1100006 371 78 442 184
1 1 3073 1100006 371 78 442 183
1 1 3074 1100006 371 78 442 183
1 1 3075 1100006 371 78 442 184
1 1 3076 1100006 370 78 442 184
1 1 3083 1100006 371 78 442 185
1 1 3084 1100006 372 78 442 181
1 1 3085 1100006 372 78 442 181
1 1 3104 1100006 372 78 441 181
1 1 3108 1100006 371 78 442 186
1 1 3109 1100006 371 78 442 185
1 1 3110 1100006 371 78 442 184
1 1 3111 1100006 371 78 442 184
1 1 3112 1100006 371 78 442 184
1 1 3113 1100006 371 78 442 183
1 1 3114 1100006 371 78 442 184
1 1 3115 1100006 371 78 442 184
1 1 3116 1100006 371 78 442 184
1 1 3117 1100006 371 78 442 185
1 1 3118 1100006 371 78 442 185
1 1 3120 1100006 371 78 442 184
1 1 3121 1100006 371 78 442 183
1 1 3122 1100006 371 78 442 183
1 1 3123 1100006 371 78 442 183
1 1 3124 1100006 371 78 442 183
1 1 3125 1100006 371 78 442 184
1 1 3126 1100006 371 78 442 183
1 1 3127 1100006 371 78 442 183
1 1 3128 1100006 371 78 442 184
1 1 3129 1100006 371 78 442 184
1 1 3130 1100006 371 78 442 185
1 1 3131 1100006 371 78 442 184
1 1 3132 1100006 371 78 442 185
1 1 3133 1100006 371 78 442 186
1 1 3134 1100006 371 78 442 185
1 1 3135 1100006 371 78 442 188
1 1 3136 1100006 371 78 441 184
1 1 3137 1100006 371 78 441 184
1 1 3138 1100006 371 78 441 184
1 1 3139 1100006 371 78 442 187
1 1 3140 1100006 371 78 441 184
1 1 3141 1100006 371 78 441 181
1 1 3142 1100006 371 78 441 181
1 1 3143 1100006 371 78 442 187
1 1 3144 1100006 371 78 442 186
1 1 3145 1100006 371 78 442 186
1 1 3146 1100006 371 78 442 186
1 1 3147 1100006 371 78 442 186
1 1 3148 1100006 371 78 442 186
1 1 3149 1100006 371 78 442 186
1 1 3150 1100006 371 78 442 185
1 1 3151 1100006 371 78 442 185
1 1 3152 1100006 371 78 442 183
1 1 3153 1100006 371 78 442 183
1 1 3154 1100006 371 78 442 183
1 1 3156 1100006 371 78 442 184
1 1 3157 1100006 371 78 442 184
1 1 3158 1100006 371 78 442 184
1 1 3159 1100006 371 78 442 184
1 1 3160 1100006 371 78 442 184
1 1 3161 1100006 371 78 442 184
1 1 3162 1100006 371 78 442 184
1 1 3163 1100006 371 78 441 184
1 1 3164 1100006 371 78 442 184
1 1 3165 1100006 371 78 442 184
1 1 3166 1100006 371 78 442 183
1 1 3167 1100006 371 78 442 183
1 1 3168 1100006 371 78 442 184
1 1 3169 1100006 371 78 442 184
1 1 3170 1100006 371 78 442 184
1 1 3171 1100006 371 78 442 184
1 1 3172 1100006 371 78 442 184
1 1 3173 1100006 371 78 442 184
1 1 3174 1100006 371 78 442 184
1 1 3175 1100006 371 78 442 184
1 1 3176 1100006 371 78 442 184
1 1 3177 1100006 371 78 442 184
1 1 3178 1100006 371 78 442 184
1 1 3179 1100006 371 78 442 184
1 1 3180 1100006 371 78 442 183
1 1 3181 1100006 371 78 442 183
1 1 3182 1100006 371 78 442 183
1 1 3183 1100006 371 78 442 183
1 1 3184 1100006 371 78 442 183
1 1 3185 1100006 371 78 442 183
1 1 3186 1100006 371 78 442 184
1 1 3187 1100006 371 78 442 184
1 1 3188 1100006 371 78 442 184
1 1 3189 1100006 371 78 442 183
1 1 3190 1100006 371 78 442 184
1 1 3191 1100006 371 78 442 184
1 1 3192 1100006 371 78 442 184
1 1 3193 1100006 371 78 442 184
1 1 3194 1100006 371 78 442 184
1 1 3195 1100006 371 78 442 184
1 1 3196 1100006 371 78 442 184
1 1 3197 1100006 371 78 442 184
1 1 3198 1100006 371 78 442 184
1 1 3199 1100006 371 78 442 184
1 1 3200 1100006 371 78 442 184
1 1 3201 1100006 371 78 442 184
1 1 3202 1100006 371 78 442 184
1 1 3203 1100006 371 78 442 184
1 1 3204 1100006 371 78 442 184
1 1 3205 1100006 371 78 442 184
1 1 3206 1100006 371 78 442 184
1 1 3207 1100006 371 78 442 184
1 1 3208 1100006 371 78 442 184
1 1 3209 1100006 371 78 442 184
1 1 3210 1100006 371 78 442 184
1 1 3211 1100006 371 78 442 184
1 1 3212 1100006 371 78 442 184
1 1 3213 1100006 371 78 442 184
1 1 3214 1100006 371 78 442 184
1 1 3215 1100006 371 78 442 184
1 1 3216 1100006 371 78 442 183
1 1 3217 1100006 371 78 442 183
1 1 3218 1100006 371 78 442 184
1 1 3219 1100006 371 78 442 183
1 1 3220 1100006 371 78 442 183
1 1 3221 1100006 371 78 442 183
1 1 3222 1100006 371 78 442 183
1 1 3223 1100006 371 78 442 183
1 1 3224 1100006 371 78 442 184
1 1 3225 1100006 371 78 442 184
1 1 3226 1100006 371 78 442 184
1 1 3227 1100006 371 78 442 184
1 1 3228 1100006 371 78 442 188
1 1 3229 1100006 371 78 442 188
1 1 3230 1100006 371 78 442 187
1 1 3231 1100006 371 78 442 187
1 1 3232 1100006 371 78 442 186
1 1 3233 1100006 371 78 442 187
1 1 3234 1100006 371 78 442 187
1 1 3235 1100006 371 78 442 189
1 1 3236 1100006 371 78 442 189
1 1 3237 1100006 371 78 442 193
1 1 3238 1100006 371 78 442 193
1 1 3239 1100006 371 78 442 191
1 1 3240 1100006 371 78 442 184
1 1 3241 1100006 371 78 442 184
1 1 3242 1100006 371 78 442 183
1 1 3243 1100006 371 78 442 184
1 1 3245 1100006 371 78 442 183
1 1 3246 1100006 371 78 442 182
1 1 3247 1100006 371 78 442 183
1 1 3248 1100006 371 78 442 184
1 1 3249 1100006 371 78 442 184
1 1 3252 1100006 371 78 442 187
1 1 3253 1100006 371 78 442 187
1 1 3254 1100006 371 78 442 187
1 1 3255 1100006 371 78 442 187
1 1 3256 1100006 371 78 442 187
1 1 3257 1100006 371 78 442 187
1 1 3258 1100006 371 78 442 187
1 1 3259 1100006 371 78 442 187
1 1 3260 1100006 371 78 442 187
1 1 3261 1100006 372 78 441 181
1 1 3262 1100006 372 78 441 181
1 1 3263 1100006 372 78 441 181
1 1 3264 1100006 372 78 441 181
1 1 3265 1100006 372 78 441 181
1 1 3266 1100006 372 78 441 181
1 1 3270 1100006 372 78 442 181
1 1 3271 1100006 372 78 442 181
1 1 3325 1100006 371 78 441 185
1 1 3326 1100006 371 78 441 185
1 1 3327 1100006 371 78 441 191
1 1 3328 1100006 371 78 441 185
1 1 3329 1100006 371 78 441 191
1 1 3337 1100006 371 78 442 190
1 1 3338 1100006 371 78 441 189
1 1 3339 1100006 371 78 441 189
1 1 3340 1100006 371 78 441 189
1 1 3341 1100006 371 78 441 190
1 1 3348 1100006 371 78 442 190
1 1 3349 1100006 372 78 441 181
1 1 3350 1100006 372 78 441 181
1 1 3351 1100006 372 78 441 181
1 1 3352 1100006 372 78 441 181
1 1 3353 1100006 372 78 441 181
1 1 3354 1100006 372 78 441 181
1 1 3355 1100006 372 78 441 181
1 1 3356 1100006 372 78 441 181
1 1 3357 1100006 372 78 441 181
1 1 3358 1100006 372 78 441 181
1 1 3359 1100006 372 78 441 181
1 1 3360 1100006 371 78 442 193
1 1 3361 1100006 371 78 442 193
1 1 3362 1100006 371 78 442 193
1 1 3363 1100006 371 78 442 194
1 1 3364 1100006 371 78 442 194
1 1 3365 1100006 371 78 442 193
1 1 3366 1100006 371 78 442 193
1 1 3367 1100006 371 78 442 193
1 1 3368 1100006 371 78 442 193
1 1 3369 1100006 371 78 442 194
1 1 3370 1100006 371 78 442 194
1 1 3372 1100006 372 78 441 181
1 1 3373 1100006 371 78 441 181
1 1 3374 1100006 371 78 442 190
1 1 3375 1100006 371 78 442 190
1 1 3376 1100006 371 78 442 190
1 1 3377 1100006 371 78 442 190
1 1 3378 1100006 371 78 442 190
1 1 3379 1100006 371 78 442 188
1 1 3380 1100006 371 78 442 186
1 1 3381 1100006 371 78 442 186
1 1 3382 1100006 371 78 442 185
1 1 3383 1100006 371 78 442 188
1 1 3384 1100006 371 78 441 185
1 1 3385 1100006 371 78 441 185
1 1 3386 1100006 371 78 441 184
1 1 3387 1100006 371 78 441 185
1 1 3388 1100006 372 78 441 181
1 1 3389 1100006 372 78 441 181
1 1 3390 1100006 372 78 441 181
1 1 3391 1100006 372 78 441 182
1 1 3392 1100006 372 78 441 181
1 1 3393 1100006 371 78 442 186
1 1 3394 1100006 371 78 441 186
1 1 3395 1100006 371 78 441 185
1 1 3396 1100006 371 78 442 187
1 1 3397 1100006 371 78 441 185
1 1 3398 1100006 371 78 442 185
1 1 3399 1100006 371 78 442 189
1 1 3400 1100006 371 78 442 188
1 1 3401 1100006 371 78 442 188
1 1 3402 1100006 372 78 441 181
1 1 3404 1100006 371 78 442 187
1 1 3408 1100006 372 78 441 181
1 1 3409 1100006 372 78 442 181
1 1 3410 1100006 372 78 442 181
1 1 3411 1100006 372 78 442 181
1 1 3412 1100006 372 78 442 182
1 1 3413 1100006 372 78 442 181
1 1 3414 1100006 372 78 442 181
1 1 3415 1100006 372 78 441 182
1 1 3416 1100006 371 78 442 192
1 1 3417 1100006 371 78 442 191
1 1 3418 1100006 371 78 442 184
1 1 3428 1100006 371 78 442 184
1 1 3429 1100006 371 78 442 183
1 1 3430 1100006 371 78 442 183
1 1 3431 1100006 371 78 442 183
1 1 3438 1100006 371 78 442 183
1 1 3439 1100006 371 78 442 183
1 1 3456 1100006 372 71 441 182
1 1 3457 1100006 372 76 441 182
1 1 3458 1100006 372 74 441 182
1 1 3459 1100006 372 77 441 182
1 1 3476 1100006 367 31 443 186
1 1 3477 1100006 367 31 443 185
1 1 3483 1100006 367 36 441 185
1 1 3484 1100006 367 33 441 184
1 1 3485 1100006 368 34 442 187
1 1 3487 1100006 369 46 442 194
1 1 3488 1100006 369 53 441 185
1 1 3489 1100006 369 52 441 185
1 1 3492 1100006 370 50 441 187
1 1 3493 1100006 371 49 441 186
1 1 3494 1100006 371 62 441 184
1 1 3495 1100006 370 50 442 187
1 1 3496 1100006 370 50 441 183
1 1 3497 1100006 371 49 442 183
1 1 3498 1100006 372 49 442 184
1 1 3499 1100006 372 52 442 184
1 1 3500 1100006 371 52 442 184
1 1 3501 1100006 371 54 442 187
1 1 3502 1100006 371 54 441 186
1 1 3503 1100006 370 55 441 185
1 1 3504 1100006 370 58 441 188
1 1 3505 1100006 368 63 441 189
1 1 3506 1100006 368 63 442 193
1 1 3507 1100006 368 61 441 188
1 1 3508 1100006 368 56 442 188
1 1 3509 1100006 368 54 442 193
1 1 3510 1100006 368 55 441 188
1 1 3511 1100006 368 55 441 187
1 1 3512 1100006 368 56 441 186
1 1 3513 1100006 368 59 441 186
1 1 3514 1100006 368 60 442 185
1 1 3515 1100006 369 62 442 186
1 1 3516 1100006 370 66 442 185
1 1 3517 1100006 370 67 442 185
1 1 3518 1100006 370 69 442 184
1 1 3519 1100006 369 65 442 184
1 1 3520 1100006 369 69 442 184
1 1 3521 1100006 369 69 442 184
1 1 3522 1100006 369 69 442 184
1 1 3523 1100006 371 78 442 182
1 1 3524 1100006 371 78 442 182
1 1 3525 1100006 371 78 442 182
1 1 3526 1100006 372 78 442 183
1 1 3527 1100006 371 78 442 183
1 1 3528 1100006 372 78 442 184
1 1 3529 1100006 371 78 442 184
1 1 3530 1100006 371 78 442 184
1 1 3531 1100006 371 78 442 184
1 1 3532 1100006 371 78 442 184
1 1 3533 1100006 372 78 442 184
1 1 3534 1100006 372 78 442 184
1 1 3535 1100006 371 74 442 184
1 1 3536 1100006 370 71 442 189
1 1 3537 1100006 370 69 441 181
1 1 3538 1100006 370 67 441 182
1 1 3539 1100006 370 65 441 182
1 1 3540 1100006 369 66 441 182
1 1 3541 1100006 369 66 441 182
1 1 3542 1100006 369 66 441 182
1 1 3545 1100006 368 64 441 184
1 1 3546 1100006 368 63 441 184
1 1 3547 1100006 368 62 441 183
1 1 3548 1100006 368 62 441 183
1 1 3549 1100006 369 61 441 184
1 1 3550 1100006 369 59 441 185
1 1 3551 1100006 370 58 441 185
1 1 3552 1100006 369 57 441 187
1 1 3553 1100006 370 58 441 187
1 1 3554 1100006 370 59 441 186
1 1 3555 1100006 372 67 441 185
1 1 3556 1100006 371 67 441 188
1 1 3557 1100006 370 67 441 185
1 1 3558 1100006 369 64 441 187
1 1 3559 1100006 369 66 441 182
1 1 3560 1100006 370 68 441 186
1 1 3562 1100006 371 67 441 182
1 1 3563 1100006 371 65 441 182
1 1 3564 1100006 371 62 442 181
1 1 3565 1100006 371 63 442 181
1 1 3566 1100006 371 63 442 181
1 1 3567 1100006 371 63 442 181
1 1 3568 1100006 370 63 442 181
1 1 3569 1100006 370 61 442 183
1 1 3570 1100006 370 60 442 183
1 1 3571 1100006 370 60 442 184
1 1 3572 1100006 370 59 442 183
1 1 3573 1100006 370 58 442 184
1 1 3574 1100006 371 57 442 183
1 1 3575 1100006 371 57 442 183
1 1 3576 1100006 371 56 442 183
1 1 3577 1100006 371 57 442 183
1 1 3578 1100006 370 57 441 183
1 1 3579 1100006 370 58 441 183
1 1 3580 1100006 370 58 441 183
1 1 3581 1100006 371 59 441 184
1 1 3582 1100006 372 59 441 183
1 1 3583 1100006 372 58 441 184
1 1 3584 1100006 372 59 441 184
1 1 3585 1100006 372 58 441 183
1 1 3586 1100006 372 59 441 183
1 1 3587 1100006 371 59 441 184
1 1 3588 1100006 371 61 442 185
1 1 3589 1100006 371 60 442 185
1 1 3590 1100006 371 60 442 185
1 1 3591 1100006 371 60 442 185
1 1 3592 1100006 371 60 442 185
1 1 3593 1100006 371 60 442 184
1 1 3594 1100006 371 59 442 185
1 1 3595 1100006 371 59 442 185
1 1 3596 1100006 370 59 442 185
1 1 3597 1100006 371 59 442 185
1 1 3598 1100006 370 58 442 184
1 1 3599 1100006 370 59 442 184
1 1 3600 1100006 370 58 442 184
1 1 3601 1100006 369 57 442 184
1 1 3602 1100006 369 58 442 184
1 1 3603 1100006 369 59 442 184
1 1 3604 1100006 369 59 442 184
1 1 3605 1100006 369 60 442 184
1 1 3606 1100006 369 59 442 184
1 1 3607 1100006 369 59 442 184
1 1 3608 1100006 369 60 442 185
1 1 3609 1100006 369 61 442 185
1 1 3610 1100006 370 62 442 184
1 1 3611 1100006 370 61 442 185
1 1 3612 1100006 370 62 442 185
1 1 3613 1100006 370 62 442 185
1 1 3614 1100006 370 63 442 185
1 1 3615 1100006 371 64 441 182
1 1 3616 1100006 370 62 442 185
1 1 3617 1100006 369 62 442 185
1 1 3618 1100006 369 59 442 185
1 1 3619 1100006 370 60 442 183
1 1 3620 1100006 369 61 442 184
1 1 3621 1100006 370 62 442 184
1 1 3622 1100006 370 63 442 184
1 1 3623 1100006 370 63 442 184
1 1 3624 1100006 369 62 442 184
1 1 3625 1100006 369 62 442 184
1 1 3626 1100006 370 61 442 184
1 1 3627 1100006 369 61 442 185
1 1 3628 1100006 370 60 442 185
1 1 3629 1100006 369 59 442 184
1 1 3630 1100006 369 59 442 183
1 1 3631 1100006 368 57 442 185
1 1 3632 1100006 368 57 442 185
1 1 3633 1100006 369 58 442 185
1 1 3634 1100006 370 59 442 185
1 1 3635 1100006 369 60 442 184
1 1 3636 1100006 370 61 442 185
1 1 3637 1100006 371 62 442 185
1 1 3638 1100006 371 63 442 185
1 1 3639 1100006 370 63 442 184
1 1 3640 1100006 369 63 442 184
1 1 3641 1100006 369 63 442 184
1 1 3642 1100006 370 62 442 184
1 1 3643 1100006 369 62 442 184
1 1 3644 1100006 370 60 442 184
1 1 3645 1100006 371 58 441 183
1 1 3646 1100006 371 57 442 183
1 1 3647 1100006 371 57 442 184
1 1 3648 1100006 370 56 442 184
1 1 3649 1100006 370 56 442 184
1 1 3650 1100006 369 58 442 184
1 1 3651 1100006 370 58 442 184
1 1 3652 1100006 370 59 442 183
1 1 3653 1100006 370 60 442 183
1 1 3654 1100006 369 62 442 183
1 1 3655 1100006 370 64 442 183
1 1 3656 1100006 369 63 442 183
1 1 3657 1100006 370 63 442 183
1 1 3658 1100006 369 65 442 183
1 1 3659 1100006 369 63 442 184
1 1 3664 1100006 369 62 442 188
1 1 3669 1100006 370 62 442 185
1 1 3670 1100006 370 62 442 184
1 1 3671 1100006 370 63 442 184
1 1 3672 1100006 371 63 442 182
1 1 3673 1100006 371 63 442 182
1 1 3674 1100006 370 62 442 182
1 1 3675 1100006 371 62 442 182
1 1 3676 1100006 372 60 442 182
1 1 3677 1100006 371 59 442 184
1 1 3678 1100006 371 58 442 182
1 1 3681 1100006 371 56 442 184
1 1 3682 1100006 372 55 442 184
1 1 3683 1100006 372 56 442 184
1 1 3684 1100006 372 54 442 181
1 1 3685 1100006 372 55 442 181
1 1 3686 1100006 372 55 442 181
1 1 3687 1100006 371 56 442 181
1 1 3689 1100006 370 57 442 182
1 1 3690 1100006 371 57 442 183
1 1 3691 1100006 371 58 442 183
1 1 3692 1100006 371 58 442 184
1 1 3693 1100006 371 59 442 184
1 1 3694 1100006 370 59 442 184
1 1 3695 1100006 370 58 442 184
1 1 3696 1100006 370 59 442 184
1 1 3697 1100006 371 59 442 184
1 1 3698 1100006 371 59 442 184
1 1 3699 1100006 371 59 442 184
1 1 3700 1100006 371 59 442 183
1 1 3701 1100006 370 59 442 183
1 1 3702 1100006 371 59 442 184
1 1 3703 1100006 370 57 442 184
1 1 3704 1100006 370 57 442 185
1 1 3705 1100006 371 56 442 185
1 1 3706 1100006 370 57 442 185
1 1 3707 1100006 370 57 442 186
1 1 3708 1100006 371 56 442 185
1 1 3709 1100006 370 56 442 184
1 1 3710 1100006 370 57 442 186
1 1 3711 1100006 370 57 442 185
1 1 3712 1100006 370 58 442 185
1 1 3713 1100006 369 57 442 185
1 1 3714 1100006 368 57 442 184
1 1 3715 1100006 369 58 442 184
1 1 3716 1100006 369 59 442 185
1 1 3717 1100006 369 59 442 185
1 1 3718 1100006 369 59 442 184
1 1 3719 1100006 369 59 442 185
1 1 3720 1100006 369 59 442 186
1 1 3721 1100006 370 55 442 186
1 1 3722 1100006 370 54 442 187
1 1 3723 1100006 371 54 442 189
1 1 3725 1100006 371 57 442 182
1 1 3726 1100006 371 57 442 188
1 1 3727 1100006 371 58 442 182
1 1 3728 1100006 370 60 442 187
1 1 3729 1100006 370 60 442 186
1 1 3730 1100006 370 61 442 186
1 1 3731 1100006 369 58 442 186
1 1 3732 1100006 370 60 442 182
1 1 3733 1100006 371 60 442 182
1 1 3734 1100006 371 61 442 182
1 1 3735 1100006 371 60 442 182
1 1 3736 1100006 371 60 442 182
1 1 3737 1100006 371 60 442 182
1 1 3738 1100006 370 60 442 182
1 1 3739 1100006 370 60 442 182
1 1 3740 1100006 370 60 442 182
1 1 3741 1100006 371 59 442 182
1 1 3742 1100006 370 57 442 185
1 1 3743 1100006 371 56 442 182
1 1 3744 1100006 371 56 442 188
1 1 3745 1100006 371 56 442 187
1 1 3746 1100006 371 56 442 187
1 1 3747 1100006 371 57 442 188
1 1 3748 1100006 371 58 442 188
1 1 3749 1100006 370 59 442 188
1 1 3750 1100006 369 59 442 189
1 1 3751 1100006 369 60 442 188
1 1 3752 1100006 369 61 442 187
1 1 3753 1100006 368 61 442 187
1 1 3754 1100006 369 62 442 186
1 1 3755 1100006 369 61 442 187
1 1 3756 1100006 369 61 442 186
1 1 3757 1100006 369 61 442 186
1 1 3758 1100006 369 61 442 186
1 1 3759 1100006 369 61 442 186
1 1 3760 1100006 369 61 442 186
1 1 3761 1100006 369 61 442 186
1 1 3762 1100006 369 61 442 186
1 1 3763 1100006 369 61 442 186
1 1 3764 1100006 369 61 442 186
1 1 3765 1100006 369 61 442 187
1 1 3766 1100006 371 60 441 184
1 1 3767 1100006 371 59 442 184
1 1 3768 1100006 370 53 442 185
1 1 3769 1100006 372 52 442 186
1 1 3770 1100006 372 50 442 186
1 1 3771 1100006 372 51 442 185
1 1 3772 1100006 373 51 442 185
1 1 3773 1100006 374 54 442 183
1 1 3774 1100006 373 55 442 186
1 1 3775 1100006 372 56 442 186
1 1 3776 1100006 372 57 442 182
1 1 3777 1100006 372 58 442 186
1 1 3778 1100006 371 58 442 185
1 1 3779 1100006 371 59 442 184
1 1 3780 1100006 370 59 442 187
1 1 3781 1100006 370 59 442 186
1 1 3782 1100006 370 59 442 186
1 1 3783 1100006 370 59 442 186
1 1 3784 1100006 370 60 442 184
1 1 3785 1100006 369 60 442 184
1 1 3786 1100006 369 60 442 185
1 1 3787 1100006 370 60 442 188
1 1 3788 1100006 370 61 442 185
1 1 3789 1100006 370 61 442 185
1 1 3790 1100006 370 61 442 185
1 1 3791 1100006 370 61 442 185
1 1 3792 1100006 370 60 442 185
1 1 3793 1100006 370 60 442 185
1 1 3794 1100006 370 60 442 188
1 1 3795 1100006 370 60 442 186
1 1 3796 1100006 369 60 442 188
1 1 3797 1100006 369 60 442 188
1 1 3798 1100006 369 60 442 187
1 1 3799 1100006 369 59 442 188
1 1 3800 1100006 370 58 442 189
1 1 3801 1100006 371 56 442 184
1 1 3802 1100006 371 56 442 183
1 1 3803 1100006 372 53 442 185
1 1 3804 1100006 371 54 442 185
1 1 3805 1100006 371 53 442 184
1 1 3806 1100006 371 52 442 183
1 1 3807 1100006 371 50 442 183
1 1 3808 1100006 371 50 442 183
1 1 3809 1100006 371 52 442 182
1 1 3816 1100006 370 54 442 183
1 1 3817 1100006 370 55 442 184
1 1 3818 1100006 370 56 442 182
1 1 3819 1100006 370 57 442 184
1 1 3820 1100006 369 58 442 184
1 1 3821 1100006 369 58 442 184
1 1 3822 1100006 369 58 442 184
1 1 3823 1100006 369 59 442 184
1 1 3824 1100006 369 60 442 184
1 1 3825 1100006 368 59 442 185
1 1 3826 1100006 369 59 442 184
1 1 3827 1100006 369 59 442 184
1 1 3828 1100006 369 60 442 185
1 1 3829 1100006 369 60 442 185
1 1 3830 1100006 369 60 442 185
1 1 3831 1100006 369 60 442 185
1 1 3832 1100006 369 60 442 185
1 1 3833 1100006 369 60 442 184
1 1 3834 1100006 369 61 442 185
1 1 3835 1100006 369 61 442 185
1 1 3836 1100006 369 60 442 185
1 1 3837 1100006 369 61 442 185
1 1 3838 1100006 369 60 442 184
1 1 3839 1100006 369 60 442 185
1 1 3840 1100006 370 60 442 184
1 1 3841 1100006 370 59 442 185
1 1 3842 1100006 370 59 442 185
1 1 3843 1100006 370 59 442 185
1 1 3844 1100006 370 59 442 185
1 1 3845 1100006 369 60 442 185
1 1 3846 1100006 369 60 442 185
1 1 3847 1100006 369 60 442 185
1 1 3848 1100006 369 60 442 185
1 1 3849 1100006 370 60 442 185
1 1 3850 1100006 370 60 442 185
1 1 3851 1100006 370 59 442 185
1 1 3852 1100006 370 57 443 184
1 1 3853 1100006 369 57 443 183
1 1 3854 1100006 369 57 443 183
1 1 3855 1100006 368 58 443 183
1 1 3856 1100006 368 58 443 186
1 1 3857 1100006 369 58 443 184
1 1 3858 1100006 369 55 443 187
1 1 3859 1100006 370 54 441 186
1 1 3860 1100006 371 52 440 186
1 1 3863 1100006 370 55 437 186
1 1 3864 1100006 369 61 436 187
1 1 3865 1100006 369 60 436 186
1 1 3866 1100006 369 59 436 186
1 1 3867 1100006 369 61 436 186
1 1 3868 1100006 370 61 436 186
1 1 3869 1100006 370 61 437 186
1 1 3870 1100006 370 63 436 186
1 1 3871 1100006 369 65 437 186
1 1 3872 1100006 369 67 437 186
1 1 3873 1100006 369 70 437 186
1 1 3874 1100006 370 68 437 186
1 1 3875 1100006 369 65 438 187
1 1 3876 1100006 370 69 437 187
1 1 3877 1100006 370 69 437 186
1 1 3878 1100006 370 68 438 186
1 1 3879 1100006 370 68 438 187
1 1 3880 1100006 370 67 437 186
1 1 3881 1100006 370 65 436 187
1 1 3883 1100006 370 64 433 187
1 1 3884 1100006 370 64 432 187
1 1 3885 1100006 370 65 432 187
1 1 3886 1100006 370 65 431 188
1 1 3887 1100006 369 65 434 186
1 1 3888 1100006 370 65 435 187
1 1 3889 1100006 370 65 436 187
1 1 3890 1100006 370 65 437 186
1 1 3891 1100006 370 65 438 185
1 1 3892 1100006 370 65 438 185
1 1 3893 1100006 370 65 438 185
1 1 3894 1100006 369 63 438 184
1 1 3895 1100006 370 64 438 186
1 1 3896 1100006 370 64 438 185
1 1 3897 1100006 369 63 438 186
1 1 3898 1100006 369 63 438 186
1 1 3899 1100006 369 62 439 185
1 1 3900 1100006 369 62 439 183
